N 0 4 5 7 8 10 18 23
N 1 0 7 8 10 18 23
N 2 2 5 8 10 18 23
N 3 3 5 7 10 18 23
N 4 4 5 6 8 11 18 23
N 5 4 7 8 10 18 19
N 6 4 5 6 7 12 18 23
N 7 4 6 7 8 9 18 23
N 8 4 5 6 7 8 13 18 23
N 9 4 5 7 10 18 22
N 10 4 5 8 10 18 21
N 11 0 7 10 18 22
N 12 0 8 10 18 21
N 13 2 5 6 12 18 23
N 14 2 6 8 9 18 23
N 15 2 5 6 8 13 18 23
N 16 3 5 6 11 18 23
N 17 3 7 10 18 19
N 18 3 6 7 9 18 23
N 19 3 5 6 7 13 18 23
N 20 3 5 10 18 21
N 21 0 6 8 11 18 23
N 22 1 5 8 11 18 23
N 23 4 6 8 11 14 23
N 24 4 5 6 11 17 23
N 25 4 5 8 11 15 23
N 26 2 8 10 18 19
N 27 4 6 7 12 14 23
N 28 4 6 7 12 18 19
N 29 4 5 6 12 16 23
N 30 4 5 7 12 18 20
N 31 4 5 7 12 15 23
N 32 4 5 6 12 18 21
N 33 1 7 8 9 18 23
N 34 4 6 8 9 16 23
N 35 4 7 8 9 18 20
N 36 4 6 7 9 17 23
N 37 4 7 8 9 15 23
N 38 4 6 7 9 18 22
N 39 4 6 8 9 18 21
N 40 0 6 7 8 13 18 23
N 41 1 5 7 8 13 18 23
N 42 4 6 7 8 13 14 23
N 43 4 6 7 8 13 18 19
N 44 4 5 6 8 13 16 23
N 45 4 5 7 8 13 18 20
N 46 4 5 6 7 13 17 23
N 47 4 5 7 8 13 15 23
N 48 4 5 6 7 13 18 22
N 49 4 5 6 8 13 18 21
N 50 4 5 6 11 18 22
N 51 2 6 12 14 23
N 52 2 5 12 15 23
N 53 2 6 9 17 23
N 54 2 8 9 15 23
N 55 2 6 8 13 14 23
N 56 2 5 6 13 17 23
N 57 2 5 8 13 15 23
N 58 3 6 11 14 23
N 59 3 5 11 15 23
N 60 3 6 9 16 23
N 61 3 7 9 18 20
N 62 3 7 9 15 23
N 63 3 6 9 18 21
N 64 3 6 7 13 14 23
N 65 3 6 7 13 18 19
N 66 3 5 6 13 16 23
N 67 3 5 7 13 18 20
N 68 3 5 7 13 15 23
N 69 3 5 6 13 18 21
N 70 0 6 11 17 23
N 71 0 8 11 15 23
N 72 1 5 7 12 18 23
N 73 1 8 11 14 23
N 74 4 5 7 10 17 23
N 75 4 7 12 14 20
N 76 4 6 12 14 21
N 77 4 6 12 16 19
N 78 4 7 12 15 19
N 79 4 5 8 10 16 23
N 80 4 5 8 11 18 20
N 81 4 5 12 15 21
N 82 1 7 9 18 22
N 83 1 8 9 18 21
N 84 1 8 9 16 23
N 85 2 8 9 18 20
N 86 4 7 9 17 20
N 87 4 6 9 17 21
N 88 4 7 9 15 22
N 89 4 8 9 15 21
N 90 4 6 9 16 22
N 91 0 6 8 13 16 23
N 92 0 7 8 13 18 20
N 93 0 6 7 13 17 23
N 94 0 7 8 13 15 23
N 95 0 6 7 13 18 22
N 96 0 6 8 13 18 21
N 97 1 7 8 13 18 19
N 98 1 5 7 13 18 22
N 99 1 5 8 13 18 21
N 100 1 7 8 13 14 23
N 101 4 7 8 13 14 20
N 102 4 6 7 13 14 22
N 103 4 6 8 13 14 21
N 104 2 6 8 13 18 19
N 105 4 6 8 13 16 19
N 106 4 6 7 13 17 19
N 107 4 7 8 13 15 19
N 108 1 5 8 13 16 23
N 109 2 5 8 13 18 20
N 110 4 5 7 13 17 20
N 111 4 5 6 13 17 21
N 112 4 5 7 13 15 22
N 113 4 5 8 13 15 21
N 114 4 5 6 13 16 22
G 115 4 6 11 14 22
N 116 4 5 11 15 22
N 117 2 5 10 17 23
N 118 3 9 15 21
N 119 3 7 13 14 20
N 120 3 6 13 14 21
N 121 3 6 13 16 19
N 122 3 7 13 15 19
N 123 3 5 10 16 23
N 124 3 5 11 18 20
N 125 3 5 13 15 21
N 126 1 7 12 18 19
N 127 1 5 12 18 21
N 128 4 7 10 17 19
N 129 4 5 10 17 21
N 130 0 8 10 16 23
N 131 0 8 11 18 20
N 132 0 7 13 17 20
N 133 0 6 13 17 21
N 134 0 7 13 15 22
N 135 0 8 13 15 21
N 136 0 6 13 16 22
N 137 1 5 11 18 22
N 138 1 7 13 14 22
N 139 1 8 13 14 21
N 140 2 8 13 14 20
N 141 2 6 13 17 19
N 142 2 8 13 15 19
N 143 1 8 13 16 19
N 144 1 5 12 16 23
N 145 2 5 12 18 20
N 146 4 5 11 17 20
N 147 4 5 10 16 22
