N 0 0 4 10 11 13 17 20 21
N 1 1 4 10 11 13 17 20 21
N 2 2 4 10 11 13 17 20 21
N 3 3 4 10 11 13 17 20 21
N 4 0 5 10 11 13 17 20 21
N 5 0 6 10 11 13 17 20 21
N 6 0 7 10 11 13 17 20 21
N 7 0 4 12 17 20 21
N 8 0 4 9 12 17 20 21
N 9 0 4 13 16 20 21
N 10 0 4 8 13 16 20 21
N 11 0 4 11 12 17 20
N 12 0 4 9 11 12 17 20
N 13 0 4 11 13 16 20
N 14 0 4 8 11 13 16 20
N 15 0 4 10 12 17 21
N 16 0 4 9 10 12 17 21
N 17 0 4 10 13 16 21
N 18 0 4 8 10 13 16 21
N 19 0 4 10 11 12 17
N 20 0 4 9 10 11 12 17
N 21 0 4 10 11 13 16
N 22 0 4 8 10 11 13 16
N 23 1 5 10 11 13 17 20 21
N 24 1 6 10 11 13 17 20 21
N 25 1 7 10 11 13 17 20 21
N 26 1 4 12 17 20 21
N 27 1 4 9 12 17 20 21
N 28 1 4 13 16 20 21
N 29 1 4 8 13 16 20 21
N 30 1 4 11 12 17 20
N 31 1 4 9 11 12 17 20
N 32 1 4 11 13 16 20
N 33 1 4 8 11 13 16 20
N 34 1 4 10 12 17 21
N 35 1 4 9 10 12 17 21
N 36 1 4 10 13 16 21
N 37 1 4 8 10 13 16 21
N 38 1 4 10 11 12 17
N 39 1 4 9 10 11 12 17
N 40 1 4 10 11 13 16
N 41 1 4 8 10 11 13 16
N 42 2 5 10 11 13 17 20 21
N 43 2 6 10 11 13 17 20 21
N 44 2 7 10 11 13 17 20 21
N 45 2 4 12 17 20 21
N 46 2 4 9 12 17 20 21
N 47 2 4 13 16 20 21
N 48 2 4 8 13 16 20 21
N 49 2 4 11 12 17 20
N 50 2 4 9 11 12 17 20
N 51 2 4 11 13 16 20
N 52 2 4 8 11 13 16 20
N 53 2 4 10 12 17 21
N 54 2 4 9 10 12 17 21
N 55 2 4 10 13 16 21
N 56 2 4 8 10 13 16 21
N 57 2 4 10 11 12 17
N 58 2 4 9 10 11 12 17
N 59 2 4 10 11 13 16
N 60 2 4 8 10 11 13 16
N 61 3 5 10 11 13 17 20 21
N 62 3 6 10 11 13 17 20 21
N 63 3 7 10 11 13 17 20 21
N 64 3 4 12 17 20 21
N 65 3 4 9 12 17 20 21
N 66 3 4 13 16 20 21
N 67 3 4 8 13 16 20 21
N 68 3 4 11 12 17 20
N 69 3 4 9 11 12 17 20
N 70 3 4 11 13 16 20
N 71 3 4 8 11 13 16 20
N 72 3 4 10 12 17 21
N 73 3 4 9 10 12 17 21
N 74 3 4 10 13 16 21
N 75 3 4 8 10 13 16 21
N 76 3 4 10 11 12 17
N 77 3 4 9 10 11 12 17
N 78 3 4 10 11 13 16
N 79 3 4 8 10 11 13 16
N 80 0 5 12 17 20 21
N 81 0 5 9 12 17 20 21
N 82 0 5 13 16 20 21
N 83 0 5 8 13 16 20 21
N 84 0 5 11 12 17 20
N 85 0 5 9 11 12 17 20
N 86 0 5 11 13 16 20
N 87 0 5 8 11 13 16 20
N 88 0 5 10 12 17 21
N 89 0 5 9 10 12 17 21
N 90 0 5 10 13 16 21
N 91 0 5 8 10 13 16 21
N 92 0 5 10 11 12 17
N 93 0 5 9 10 11 12 17
N 94 0 5 10 11 13 16
N 95 0 5 8 10 11 13 16
N 96 0 6 12 17 20 21
N 97 0 6 9 12 17 20 21
N 98 0 6 13 16 20 21
N 99 0 6 8 13 16 20 21
N 100 0 6 11 12 17 20
N 101 0 6 9 11 12 17 20
N 102 0 6 11 13 16 20
N 103 0 6 8 11 13 16 20
N 104 0 6 10 12 17 21
N 105 0 6 9 10 12 17 21
N 106 0 6 10 13 16 21
N 107 0 6 8 10 13 16 21
N 108 0 6 10 11 12 17
N 109 0 6 9 10 11 12 17
N 110 0 6 10 11 13 16
N 111 0 6 8 10 11 13 16
N 112 0 7 12 17 20 21
N 113 0 7 9 12 17 20 21
N 114 0 7 13 16 20 21
N 115 0 7 8 13 16 20 21
N 116 0 7 11 12 17 20
N 117 0 7 9 11 12 17 20
N 118 0 7 11 13 16 20
N 119 0 7 8 11 13 16 20
N 120 0 7 10 12 17 21
N 121 0 7 9 10 12 17 21
N 122 0 7 10 13 16 21
N 123 0 7 8 10 13 16 21
N 124 0 7 10 11 12 17
N 125 0 7 9 10 11 12 17
N 126 0 7 10 11 13 16
N 127 0 7 8 10 11 13 16
N 128 0 4 15 17 20 21
N 129 0 4 14 17 20 21
N 130 0 4 12 16
N 131 0 4 8 12 16
N 132 0 4 9 15 17 20 21
N 133 0 4 9 14 17 20 21
N 134 0 4 9 12 16
N 135 0 4 8 9 12 16
N 136 0 4 13 19 20 21
N 137 0 4 13 18 20 21
N 138 0 4 8 13 19 20 21
N 139 0 4 8 13 18 20 21
N 140 0 4 11 15 17 20
N 141 0 4 11 14 17 20
N 142 0 4 9 11 15 17 20
N 143 0 4 9 11 14 17 20
N 144 0 4 11 13 19 20
N 145 0 4 11 13 18 20
N 146 0 4 8 11 13 19 20
N 147 0 4 8 11 13 18 20
N 148 0 4 10 15 17 21
N 149 0 4 10 14 17 21
N 150 0 4 9 10 15 17 21
N 151 0 4 9 10 14 17 21
N 152 0 4 10 13 19 21
N 153 0 4 10 13 18 21
N 154 0 4 8 10 13 19 21
N 155 0 4 8 10 13 18 21
N 156 0 4 10 11 15 17
N 157 0 4 10 11 14 17
N 158 0 4 9 10 11 15 17
N 159 0 4 9 10 11 14 17
N 160 0 4 10 11 13 19
N 161 0 4 10 11 13 18
N 162 0 4 8 10 11 13 19
N 163 0 4 8 10 11 13 18
N 164 1 5 12 17 20 21
N 165 1 5 9 12 17 20 21
N 166 1 5 13 16 20 21
N 167 1 5 8 13 16 20 21
N 168 1 5 11 12 17 20
N 169 1 5 9 11 12 17 20
N 170 1 5 11 13 16 20
N 171 1 5 8 11 13 16 20
N 172 1 5 10 12 17 21
N 173 1 5 9 10 12 17 21
N 174 1 5 10 13 16 21
N 175 1 5 8 10 13 16 21
N 176 1 5 10 11 12 17
N 177 1 5 9 10 11 12 17
N 178 1 5 10 11 13 16
N 179 1 5 8 10 11 13 16
N 180 1 6 12 17 20 21
N 181 1 6 9 12 17 20 21
N 182 1 6 13 16 20 21
N 183 1 6 8 13 16 20 21
N 184 1 6 11 12 17 20
N 185 1 6 9 11 12 17 20
N 186 1 6 11 13 16 20
N 187 1 6 8 11 13 16 20
N 188 1 6 10 12 17 21
N 189 1 6 9 10 12 17 21
N 190 1 6 10 13 16 21
N 191 1 6 8 10 13 16 21
N 192 1 6 10 11 12 17
N 193 1 6 9 10 11 12 17
N 194 1 6 10 11 13 16
N 195 1 6 8 10 11 13 16
N 196 1 7 12 17 20 21
N 197 1 7 9 12 17 20 21
N 198 1 7 13 16 20 21
N 199 1 7 8 13 16 20 21
N 200 1 7 11 12 17 20
N 201 1 7 9 11 12 17 20
N 202 1 7 11 13 16 20
N 203 1 7 8 11 13 16 20
N 204 1 7 10 12 17 21
N 205 1 7 9 10 12 17 21
N 206 1 7 10 13 16 21
N 207 1 7 8 10 13 16 21
N 208 1 7 10 11 12 17
N 209 1 7 9 10 11 12 17
N 210 1 7 10 11 13 16
N 211 1 7 8 10 11 13 16
N 212 1 4 14 17 20 21
N 213 1 4 12 16
N 214 1 4 8 12 16
N 215 1 4 9 14 17 20 21
N 216 1 4 9 12 16
N 217 1 4 8 9 12 16
N 218 1 4 13 18 20 21
N 219 1 4 8 13 18 20 21
N 220 1 4 11 14 17 20
N 221 1 4 9 11 14 17 20
N 222 1 4 11 13 18 20
N 223 1 4 8 11 13 18 20
N 224 1 4 10 14 17 21
N 225 1 4 9 10 14 17 21
N 226 1 4 10 13 18 21
N 227 1 4 8 10 13 18 21
N 228 1 4 10 11 14 17
N 229 1 4 9 10 11 14 17
N 230 1 4 10 11 13 18
N 231 1 4 8 10 11 13 18
N 232 2 5 12 17 20 21
N 233 2 5 9 12 17 20 21
N 234 2 5 13 16 20 21
N 235 2 5 8 13 16 20 21
N 236 2 5 11 12 17 20
N 237 2 5 9 11 12 17 20
N 238 2 5 11 13 16 20
N 239 2 5 8 11 13 16 20
N 240 2 5 10 12 17 21
N 241 2 5 9 10 12 17 21
N 242 2 5 10 13 16 21
N 243 2 5 8 10 13 16 21
N 244 2 5 10 11 12 17
N 245 2 5 9 10 11 12 17
N 246 2 5 10 11 13 16
N 247 2 5 8 10 11 13 16
N 248 2 6 12 17 20 21
N 249 2 6 9 12 17 20 21
N 250 2 6 13 16 20 21
N 251 2 6 8 13 16 20 21
N 252 2 6 11 12 17 20
N 253 2 6 9 11 12 17 20
N 254 2 6 11 13 16 20
N 255 2 6 8 11 13 16 20
N 256 2 6 10 12 17 21
N 257 2 6 9 10 12 17 21
N 258 2 6 10 13 16 21
N 259 2 6 8 10 13 16 21
N 260 2 6 10 11 12 17
N 261 2 6 9 10 11 12 17
N 262 2 6 10 11 13 16
N 263 2 6 8 10 11 13 16
N 264 2 7 12 17 20 21
N 265 2 7 9 12 17 20 21
N 266 2 7 13 16 20 21
N 267 2 7 8 13 16 20 21
N 268 2 7 11 12 17 20
N 269 2 7 9 11 12 17 20
N 270 2 7 11 13 16 20
N 271 2 7 8 11 13 16 20
N 272 2 7 10 12 17 21
N 273 2 7 9 10 12 17 21
N 274 2 7 10 13 16 21
N 275 2 7 8 10 13 16 21
N 276 2 7 10 11 12 17
N 277 2 7 9 10 11 12 17
N 278 2 7 10 11 13 16
N 279 2 7 8 10 11 13 16
N 280 2 4 14 17 20 21
N 281 2 4 12 16
N 282 2 4 8 12 16
N 283 2 4 9 14 17 20 21
N 284 2 4 9 12 16
N 285 2 4 8 9 12 16
N 286 2 4 13 18 20 21
N 287 2 4 8 13 18 20 21
N 288 2 4 11 14 17 20
N 289 2 4 9 11 14 17 20
N 290 2 4 11 13 18 20
N 291 2 4 8 11 13 18 20
N 292 2 4 10 14 17 21
N 293 2 4 9 10 14 17 21
N 294 2 4 10 13 18 21
N 295 2 4 8 10 13 18 21
N 296 2 4 10 11 14 17
N 297 2 4 9 10 11 14 17
N 298 2 4 10 11 13 18
N 299 2 4 8 10 11 13 18
N 300 3 5 12 17 20 21
N 301 3 5 9 12 17 20 21
N 302 3 5 13 16 20 21
N 303 3 5 8 13 16 20 21
N 304 3 5 11 12 17 20
N 305 3 5 9 11 12 17 20
N 306 3 5 11 13 16 20
N 307 3 5 8 11 13 16 20
N 308 3 5 10 12 17 21
N 309 3 5 9 10 12 17 21
N 310 3 5 10 13 16 21
N 311 3 5 8 10 13 16 21
N 312 3 5 10 11 12 17
N 313 3 5 9 10 11 12 17
N 314 3 5 10 11 13 16
N 315 3 5 8 10 11 13 16
N 316 3 6 12 17 20 21
N 317 3 6 9 12 17 20 21
N 318 3 6 13 16 20 21
N 319 3 6 8 13 16 20 21
N 320 3 6 11 12 17 20
N 321 3 6 9 11 12 17 20
N 322 3 6 11 13 16 20
N 323 3 6 8 11 13 16 20
N 324 3 6 10 12 17 21
N 325 3 6 9 10 12 17 21
N 326 3 6 10 13 16 21
N 327 3 6 8 10 13 16 21
N 328 3 6 10 11 12 17
N 329 3 6 9 10 11 12 17
N 330 3 6 10 11 13 16
N 331 3 6 8 10 11 13 16
N 332 3 7 12 17 20 21
N 333 3 7 9 12 17 20 21
N 334 3 7 13 16 20 21
N 335 3 7 8 13 16 20 21
N 336 3 7 11 12 17 20
N 337 3 7 9 11 12 17 20
N 338 3 7 11 13 16 20
N 339 3 7 8 11 13 16 20
N 340 3 7 10 12 17 21
N 341 3 7 9 10 12 17 21
N 342 3 7 10 13 16 21
N 343 3 7 8 10 13 16 21
N 344 3 7 10 11 12 17
N 345 3 7 9 10 11 12 17
N 346 3 7 10 11 13 16
N 347 3 7 8 10 11 13 16
N 348 3 4 14 17 20 21
N 349 3 4 12 16
N 350 3 4 8 12 16
N 351 3 4 9 14 17 20 21
N 352 3 4 9 12 16
N 353 3 4 8 9 12 16
N 354 3 4 13 18 20 21
N 355 3 4 8 13 18 20 21
N 356 3 4 11 14 17 20
N 357 3 4 9 11 14 17 20
N 358 3 4 11 13 18 20
N 359 3 4 8 11 13 18 20
N 360 3 4 10 14 17 21
N 361 3 4 9 10 14 17 21
N 362 3 4 10 13 18 21
N 363 3 4 8 10 13 18 21
N 364 3 4 10 11 14 17
N 365 3 4 9 10 11 14 17
N 366 3 4 10 11 13 18
N 367 3 4 8 10 11 13 18
N 368 0 5 15 17 20 21
N 369 0 5 12 16
N 370 0 5 8 12 16
N 371 0 5 9 15 17 20 21
N 372 0 5 9 12 16
N 373 0 5 8 9 12 16
N 374 0 5 13 19 20 21
N 375 0 5 8 13 19 20 21
N 376 0 5 11 15 17 20
N 377 0 5 9 11 15 17 20
N 378 0 5 11 13 19 20
N 379 0 5 8 11 13 19 20
N 380 0 5 10 15 17 21
N 381 0 5 9 10 15 17 21
N 382 0 5 10 13 19 21
N 383 0 5 8 10 13 19 21
N 384 0 5 10 11 15 17
N 385 0 5 9 10 11 15 17
N 386 0 5 10 11 13 19
N 387 0 5 8 10 11 13 19
N 388 0 6 15 17 20 21
N 389 0 6 12 16
N 390 0 6 8 12 16
N 391 0 6 9 15 17 20 21
N 392 0 6 9 12 16
N 393 0 6 8 9 12 16
N 394 0 6 13 19 20 21
N 395 0 6 8 13 19 20 21
N 396 0 6 11 15 17 20
N 397 0 6 9 11 15 17 20
N 398 0 6 11 13 19 20
N 399 0 6 8 11 13 19 20
N 400 0 6 10 15 17 21
N 401 0 6 9 10 15 17 21
N 402 0 6 10 13 19 21
N 403 0 6 8 10 13 19 21
N 404 0 6 10 11 15 17
N 405 0 6 9 10 11 15 17
N 406 0 6 10 11 13 19
N 407 0 6 8 10 11 13 19
N 408 0 7 15 17 20 21
N 409 0 7 12 16
N 410 0 7 8 12 16
N 411 0 7 9 15 17 20 21
N 412 0 7 9 12 16
N 413 0 7 8 9 12 16
N 414 0 7 13 19 20 21
N 415 0 7 8 13 19 20 21
N 416 0 7 11 15 17 20
N 417 0 7 9 11 15 17 20
N 418 0 7 11 13 19 20
N 419 0 7 8 11 13 19 20
N 420 0 7 10 15 17 21
N 421 0 7 9 10 15 17 21
N 422 0 7 10 13 19 21
N 423 0 7 8 10 13 19 21
N 424 0 7 10 11 15 17
N 425 0 7 9 10 11 15 17
N 426 0 7 10 11 13 19
N 427 0 7 8 10 11 13 19
N 428 1 4 15 17 20 21
N 429 2 4 15 17 20 21
N 430 3 4 15 17 20 21
N 431 0 4 15 16
N 432 0 4 8 15 16
N 433 0 5 14 17 20 21
N 434 0 6 14 17 20 21
N 435 0 7 14 17 20 21
N 436 0 4 14 16
N 437 0 4 8 14 16
N 438 0 4 12 19
N 439 0 4 12 18
N 440 0 4 8 12 19
N 441 0 4 8 12 18
N 442 1 4 9 15 17 20 21
N 443 2 4 9 15 17 20 21
N 444 3 4 9 15 17 20 21
N 445 0 4 9 15 16
N 446 0 4 8 9 15 16
N 447 0 5 9 14 17 20 21
N 448 0 6 9 14 17 20 21
N 449 0 7 9 14 17 20 21
N 450 0 4 9 14 16
N 451 0 4 8 9 14 16
N 452 0 4 9 12 19
N 453 0 4 9 12 18
N 454 0 4 8 9 12 19
N 455 0 4 8 9 12 18
N 456 1 4 13 19 20 21
N 457 2 4 13 19 20 21
N 458 3 4 13 19 20 21
N 459 0 5 13 18 20 21
N 460 0 6 13 18 20 21
N 461 0 7 13 18 20 21
N 462 1 4 8 13 19 20 21
N 463 2 4 8 13 19 20 21
N 464 3 4 8 13 19 20 21
N 465 0 5 8 13 18 20 21
N 466 0 6 8 13 18 20 21
N 467 0 7 8 13 18 20 21
N 468 1 4 11 15 17 20
N 469 2 4 11 15 17 20
N 470 3 4 11 15 17 20
N 471 0 5 11 14 17 20
N 472 0 6 11 14 17 20
N 473 0 7 11 14 17 20
N 474 1 4 9 11 15 17 20
N 475 2 4 9 11 15 17 20
N 476 3 4 9 11 15 17 20
N 477 0 5 9 11 14 17 20
N 478 0 6 9 11 14 17 20
N 479 0 7 9 11 14 17 20
N 480 1 4 11 13 19 20
N 481 2 4 11 13 19 20
N 482 3 4 11 13 19 20
N 483 0 5 11 13 18 20
N 484 0 6 11 13 18 20
N 485 0 7 11 13 18 20
N 486 1 4 8 11 13 19 20
N 487 2 4 8 11 13 19 20
N 488 3 4 8 11 13 19 20
N 489 0 5 8 11 13 18 20
N 490 0 6 8 11 13 18 20
N 491 0 7 8 11 13 18 20
N 492 1 4 10 15 17 21
N 493 2 4 10 15 17 21
N 494 3 4 10 15 17 21
N 495 0 5 10 14 17 21
N 496 0 6 10 14 17 21
N 497 0 7 10 14 17 21
N 498 1 4 9 10 15 17 21
N 499 2 4 9 10 15 17 21
N 500 3 4 9 10 15 17 21
N 501 0 5 9 10 14 17 21
N 502 0 6 9 10 14 17 21
N 503 0 7 9 10 14 17 21
N 504 1 4 10 13 19 21
N 505 2 4 10 13 19 21
N 506 3 4 10 13 19 21
N 507 0 5 10 13 18 21
N 508 0 6 10 13 18 21
N 509 0 7 10 13 18 21
N 510 1 4 8 10 13 19 21
N 511 2 4 8 10 13 19 21
N 512 3 4 8 10 13 19 21
N 513 0 5 8 10 13 18 21
N 514 0 6 8 10 13 18 21
N 515 0 7 8 10 13 18 21
N 516 1 4 10 11 15 17
N 517 2 4 10 11 15 17
N 518 3 4 10 11 15 17
N 519 0 5 10 11 14 17
N 520 0 6 10 11 14 17
N 521 0 7 10 11 14 17
N 522 1 4 9 10 11 15 17
N 523 2 4 9 10 11 15 17
N 524 3 4 9 10 11 15 17
N 525 0 5 9 10 11 14 17
N 526 0 6 9 10 11 14 17
N 527 0 7 9 10 11 14 17
N 528 1 4 10 11 13 19
N 529 2 4 10 11 13 19
N 530 3 4 10 11 13 19
N 531 0 5 10 11 13 18
N 532 0 6 10 11 13 18
N 533 0 7 10 11 13 18
N 534 1 4 8 10 11 13 19
N 535 2 4 8 10 11 13 19
N 536 3 4 8 10 11 13 19
N 537 0 5 8 10 11 13 18
N 538 0 6 8 10 11 13 18
N 539 0 7 8 10 11 13 18
N 540 1 5 12 16
N 541 1 5 8 12 16
N 542 1 5 9 12 16
N 543 1 5 8 9 12 16
N 544 1 6 12 16
N 545 1 6 8 12 16
N 546 1 6 9 12 16
N 547 1 6 8 9 12 16
N 548 1 7 12 16
N 549 1 7 8 12 16
N 550 1 7 9 12 16
N 551 1 7 8 9 12 16
N 552 1 5 14 17 20 21
N 553 1 6 14 17 20 21
N 554 1 7 14 17 20 21
N 555 1 4 14 16
N 556 1 4 8 14 16
N 557 1 4 12 18
N 558 1 4 8 12 18
N 559 1 5 9 14 17 20 21
N 560 1 6 9 14 17 20 21
N 561 1 7 9 14 17 20 21
N 562 1 4 9 14 16
N 563 1 4 8 9 14 16
N 564 1 4 9 12 18
N 565 1 4 8 9 12 18
N 566 1 5 13 18 20 21
N 567 1 6 13 18 20 21
N 568 1 7 13 18 20 21
N 569 1 5 8 13 18 20 21
N 570 1 6 8 13 18 20 21
N 571 1 7 8 13 18 20 21
N 572 1 5 11 14 17 20
N 573 1 6 11 14 17 20
N 574 1 7 11 14 17 20
N 575 1 5 9 11 14 17 20
N 576 1 6 9 11 14 17 20
N 577 1 7 9 11 14 17 20
N 578 1 5 11 13 18 20
N 579 1 6 11 13 18 20
N 580 1 7 11 13 18 20
N 581 1 5 8 11 13 18 20
N 582 1 6 8 11 13 18 20
N 583 1 7 8 11 13 18 20
N 584 1 5 10 14 17 21
N 585 1 6 10 14 17 21
N 586 1 7 10 14 17 21
N 587 1 5 9 10 14 17 21
N 588 1 6 9 10 14 17 21
N 589 1 7 9 10 14 17 21
N 590 1 5 10 13 18 21
N 591 1 6 10 13 18 21
N 592 1 7 10 13 18 21
N 593 1 5 8 10 13 18 21
N 594 1 6 8 10 13 18 21
N 595 1 7 8 10 13 18 21
N 596 1 5 10 11 14 17
N 597 1 6 10 11 14 17
N 598 1 7 10 11 14 17
N 599 1 5 9 10 11 14 17
N 600 1 6 9 10 11 14 17
N 601 1 7 9 10 11 14 17
N 602 1 5 10 11 13 18
N 603 1 6 10 11 13 18
N 604 1 7 10 11 13 18
N 605 1 5 8 10 11 13 18
N 606 1 6 8 10 11 13 18
N 607 1 7 8 10 11 13 18
N 608 2 5 12 16
N 609 2 5 8 12 16
N 610 2 5 9 12 16
N 611 2 5 8 9 12 16
N 612 2 6 12 16
N 613 2 6 8 12 16
N 614 2 6 9 12 16
N 615 2 6 8 9 12 16
N 616 2 7 12 16
N 617 2 7 8 12 16
N 618 2 7 9 12 16
N 619 2 7 8 9 12 16
N 620 2 5 14 17 20 21
N 621 2 6 14 17 20 21
N 622 2 7 14 17 20 21
N 623 2 4 14 16
N 624 2 4 8 14 16
N 625 2 4 12 18
N 626 2 4 8 12 18
N 627 2 5 9 14 17 20 21
N 628 2 6 9 14 17 20 21
N 629 2 7 9 14 17 20 21
N 630 2 4 9 14 16
N 631 2 4 8 9 14 16
N 632 2 4 9 12 18
N 633 2 4 8 9 12 18
N 634 2 5 13 18 20 21
N 635 2 6 13 18 20 21
N 636 2 7 13 18 20 21
N 637 2 5 8 13 18 20 21
N 638 2 6 8 13 18 20 21
N 639 2 7 8 13 18 20 21
N 640 2 5 11 14 17 20
N 641 2 6 11 14 17 20
N 642 2 7 11 14 17 20
N 643 2 5 9 11 14 17 20
N 644 2 6 9 11 14 17 20
N 645 2 7 9 11 14 17 20
N 646 2 5 11 13 18 20
N 647 2 6 11 13 18 20
N 648 2 7 11 13 18 20
N 649 2 5 8 11 13 18 20
N 650 2 6 8 11 13 18 20
N 651 2 7 8 11 13 18 20
N 652 2 5 10 14 17 21
N 653 2 6 10 14 17 21
N 654 2 7 10 14 17 21
N 655 2 5 9 10 14 17 21
N 656 2 6 9 10 14 17 21
N 657 2 7 9 10 14 17 21
N 658 2 5 10 13 18 21
N 659 2 6 10 13 18 21
N 660 2 7 10 13 18 21
N 661 2 5 8 10 13 18 21
N 662 2 6 8 10 13 18 21
N 663 2 7 8 10 13 18 21
N 664 2 5 10 11 14 17
N 665 2 6 10 11 14 17
N 666 2 7 10 11 14 17
N 667 2 5 9 10 11 14 17
N 668 2 6 9 10 11 14 17
N 669 2 7 9 10 11 14 17
N 670 2 5 10 11 13 18
N 671 2 6 10 11 13 18
N 672 2 7 10 11 13 18
N 673 2 5 8 10 11 13 18
N 674 2 6 8 10 11 13 18
N 675 2 7 8 10 11 13 18
N 676 3 5 12 16
N 677 3 5 8 12 16
N 678 3 5 9 12 16
N 679 3 5 8 9 12 16
N 680 3 6 12 16
N 681 3 6 8 12 16
N 682 3 6 9 12 16
N 683 3 6 8 9 12 16
N 684 3 7 12 16
N 685 3 7 8 12 16
N 686 3 7 9 12 16
N 687 3 7 8 9 12 16
N 688 3 5 14 17 20 21
N 689 3 6 14 17 20 21
N 690 3 7 14 17 20 21
N 691 3 4 14 16
N 692 3 4 8 14 16
N 693 3 4 12 18
N 694 3 4 8 12 18
N 695 3 5 9 14 17 20 21
N 696 3 6 9 14 17 20 21
N 697 3 7 9 14 17 20 21
N 698 3 4 9 14 16
N 699 3 4 8 9 14 16
N 700 3 4 9 12 18
N 701 3 4 8 9 12 18
N 702 3 5 13 18 20 21
N 703 3 6 13 18 20 21
N 704 3 7 13 18 20 21
N 705 3 5 8 13 18 20 21
N 706 3 6 8 13 18 20 21
N 707 3 7 8 13 18 20 21
N 708 3 5 11 14 17 20
N 709 3 6 11 14 17 20
N 710 3 7 11 14 17 20
N 711 3 5 9 11 14 17 20
N 712 3 6 9 11 14 17 20
N 713 3 7 9 11 14 17 20
N 714 3 5 11 13 18 20
N 715 3 6 11 13 18 20
N 716 3 7 11 13 18 20
N 717 3 5 8 11 13 18 20
N 718 3 6 8 11 13 18 20
N 719 3 7 8 11 13 18 20
N 720 3 5 10 14 17 21
N 721 3 6 10 14 17 21
N 722 3 7 10 14 17 21
N 723 3 5 9 10 14 17 21
N 724 3 6 9 10 14 17 21
N 725 3 7 9 10 14 17 21
N 726 3 5 10 13 18 21
N 727 3 6 10 13 18 21
N 728 3 7 10 13 18 21
N 729 3 5 8 10 13 18 21
N 730 3 6 8 10 13 18 21
N 731 3 7 8 10 13 18 21
N 732 3 5 10 11 14 17
N 733 3 6 10 11 14 17
N 734 3 7 10 11 14 17
N 735 3 5 9 10 11 14 17
N 736 3 6 9 10 11 14 17
N 737 3 7 9 10 11 14 17
N 738 3 5 10 11 13 18
N 739 3 6 10 11 13 18
N 740 3 7 10 11 13 18
N 741 3 5 8 10 11 13 18
N 742 3 6 8 10 11 13 18
N 743 3 7 8 10 11 13 18
N 744 1 5 15 17 20 21
N 745 2 5 15 17 20 21
N 746 3 5 15 17 20 21
N 747 0 5 15 16
N 748 0 5 8 15 16
N 749 0 5 12 19
N 750 0 5 8 12 19
N 751 1 5 9 15 17 20 21
N 752 2 5 9 15 17 20 21
N 753 3 5 9 15 17 20 21
N 754 0 5 9 15 16
N 755 0 5 8 9 15 16
N 756 0 5 9 12 19
N 757 0 5 8 9 12 19
N 758 1 5 13 19 20 21
N 759 2 5 13 19 20 21
N 760 3 5 13 19 20 21
N 761 1 5 8 13 19 20 21
N 762 2 5 8 13 19 20 21
N 763 3 5 8 13 19 20 21
N 764 1 5 11 15 17 20
N 765 2 5 11 15 17 20
N 766 3 5 11 15 17 20
N 767 1 5 9 11 15 17 20
N 768 2 5 9 11 15 17 20
N 769 3 5 9 11 15 17 20
N 770 1 5 11 13 19 20
N 771 2 5 11 13 19 20
N 772 3 5 11 13 19 20
N 773 1 5 8 11 13 19 20
N 774 2 5 8 11 13 19 20
N 775 3 5 8 11 13 19 20
N 776 1 5 10 15 17 21
N 777 2 5 10 15 17 21
N 778 3 5 10 15 17 21
N 779 1 5 9 10 15 17 21
N 780 2 5 9 10 15 17 21
N 781 3 5 9 10 15 17 21
N 782 1 5 10 13 19 21
N 783 2 5 10 13 19 21
N 784 3 5 10 13 19 21
N 785 1 5 8 10 13 19 21
N 786 2 5 8 10 13 19 21
N 787 3 5 8 10 13 19 21
N 788 1 5 10 11 15 17
N 789 2 5 10 11 15 17
N 790 3 5 10 11 15 17
N 791 1 5 9 10 11 15 17
N 792 2 5 9 10 11 15 17
N 793 3 5 9 10 11 15 17
N 794 1 5 10 11 13 19
N 795 2 5 10 11 13 19
N 796 3 5 10 11 13 19
N 797 1 5 8 10 11 13 19
N 798 2 5 8 10 11 13 19
N 799 3 5 8 10 11 13 19
N 800 1 6 15 17 20 21
N 801 2 6 15 17 20 21
N 802 3 6 15 17 20 21
N 803 0 6 15 16
N 804 0 6 8 15 16
N 805 0 6 12 19
N 806 0 6 8 12 19
N 807 1 6 9 15 17 20 21
N 808 2 6 9 15 17 20 21
N 809 3 6 9 15 17 20 21
N 810 0 6 9 15 16
N 811 0 6 8 9 15 16
N 812 0 6 9 12 19
N 813 0 6 8 9 12 19
N 814 1 6 13 19 20 21
N 815 2 6 13 19 20 21
N 816 3 6 13 19 20 21
N 817 1 6 8 13 19 20 21
N 818 2 6 8 13 19 20 21
N 819 3 6 8 13 19 20 21
N 820 1 6 11 15 17 20
N 821 2 6 11 15 17 20
N 822 3 6 11 15 17 20
N 823 1 6 9 11 15 17 20
N 824 2 6 9 11 15 17 20
N 825 3 6 9 11 15 17 20
N 826 1 6 11 13 19 20
N 827 2 6 11 13 19 20
N 828 3 6 11 13 19 20
N 829 1 6 8 11 13 19 20
N 830 2 6 8 11 13 19 20
N 831 3 6 8 11 13 19 20
N 832 1 6 10 15 17 21
N 833 2 6 10 15 17 21
N 834 3 6 10 15 17 21
N 835 1 6 9 10 15 17 21
N 836 2 6 9 10 15 17 21
N 837 3 6 9 10 15 17 21
N 838 1 6 10 13 19 21
N 839 2 6 10 13 19 21
N 840 3 6 10 13 19 21
N 841 1 6 8 10 13 19 21
N 842 2 6 8 10 13 19 21
N 843 3 6 8 10 13 19 21
N 844 1 6 10 11 15 17
N 845 2 6 10 11 15 17
N 846 3 6 10 11 15 17
N 847 1 6 9 10 11 15 17
N 848 2 6 9 10 11 15 17
N 849 3 6 9 10 11 15 17
N 850 1 6 10 11 13 19
N 851 2 6 10 11 13 19
N 852 3 6 10 11 13 19
N 853 1 6 8 10 11 13 19
N 854 2 6 8 10 11 13 19
N 855 3 6 8 10 11 13 19
N 856 1 7 15 17 20 21
N 857 2 7 15 17 20 21
N 858 3 7 15 17 20 21
N 859 0 7 15 16
N 860 0 7 8 15 16
N 861 0 7 12 19
N 862 0 7 8 12 19
N 863 1 7 9 15 17 20 21
N 864 2 7 9 15 17 20 21
N 865 3 7 9 15 17 20 21
N 866 0 7 9 15 16
N 867 0 7 8 9 15 16
N 868 0 7 9 12 19
N 869 0 7 8 9 12 19
N 870 1 7 13 19 20 21
N 871 2 7 13 19 20 21
N 872 3 7 13 19 20 21
N 873 1 7 8 13 19 20 21
N 874 2 7 8 13 19 20 21
N 875 3 7 8 13 19 20 21
N 876 1 7 11 15 17 20
N 877 2 7 11 15 17 20
N 878 3 7 11 15 17 20
N 879 1 7 9 11 15 17 20
N 880 2 7 9 11 15 17 20
N 881 3 7 9 11 15 17 20
N 882 1 7 11 13 19 20
N 883 2 7 11 13 19 20
N 884 3 7 11 13 19 20
N 885 1 7 8 11 13 19 20
N 886 2 7 8 11 13 19 20
N 887 3 7 8 11 13 19 20
N 888 1 7 10 15 17 21
N 889 2 7 10 15 17 21
N 890 3 7 10 15 17 21
N 891 1 7 9 10 15 17 21
N 892 2 7 9 10 15 17 21
N 893 3 7 9 10 15 17 21
N 894 1 7 10 13 19 21
N 895 2 7 10 13 19 21
N 896 3 7 10 13 19 21
N 897 1 7 8 10 13 19 21
N 898 2 7 8 10 13 19 21
N 899 3 7 8 10 13 19 21
N 900 1 7 10 11 15 17
N 901 2 7 10 11 15 17
N 902 3 7 10 11 15 17
N 903 1 7 9 10 11 15 17
N 904 2 7 9 10 11 15 17
N 905 3 7 9 10 11 15 17
N 906 1 7 10 11 13 19
N 907 2 7 10 11 13 19
N 908 3 7 10 11 13 19
N 909 1 7 8 10 11 13 19
N 910 2 7 8 10 11 13 19
N 911 3 7 8 10 11 13 19
N 912 1 4 15 16
N 913 1 4 8 15 16
N 914 2 4 15 16
N 915 2 4 8 15 16
N 916 3 4 15 16
N 917 3 4 8 15 16
N 918 0 4 15 19
N 919 0 4 15 18
N 920 0 4 8 15 19
N 921 0 4 8 15 18
N 922 0 5 14 16
N 923 0 5 8 14 16
N 924 0 6 14 16
N 925 0 6 8 14 16
N 926 0 7 14 16
N 927 0 7 8 14 16
N 928 0 4 14 19
N 929 0 4 14 18
N 930 0 4 8 14 19
N 931 0 4 8 14 18
N 932 1 4 12 19
N 933 2 4 12 19
N 934 3 4 12 19
N 935 0 5 12 18
N 936 0 6 12 18
N 937 0 7 12 18
N 938 1 4 8 12 19
N 939 2 4 8 12 19
N 940 3 4 8 12 19
N 941 0 5 8 12 18
N 942 0 6 8 12 18
N 943 0 7 8 12 18
N 944 1 4 9 17 20 21 22
N 945 1 4 9 15 16
N 946 1 4 8 9 15 16
N 947 2 4 9 17 20 21 23
N 948 2 4 9 15 16
N 949 2 4 8 9 15 16
N 950 3 4 9 15 16
N 951 3 4 8 9 15 16
N 952 0 4 9 15 19
N 953 0 4 9 15 18
N 954 0 4 8 9 15 19
N 955 0 4 8 9 15 18
N 956 0 5 9 17 20 21 22
N 957 0 5 9 14 16
N 958 0 5 8 9 14 16
N 959 0 6 9 17 20 21 23
N 960 0 6 9 14 16
N 961 0 6 8 9 14 16
N 962 0 7 9 14 16
N 963 0 7 8 9 14 16
N 964 0 4 9 14 19
N 965 0 4 9 14 18
N 966 0 4 8 9 14 19
N 967 0 4 8 9 14 18
N 968 1 4 9 12 19
N 969 2 4 9 12 19
N 970 3 4 9 12 19
N 971 0 5 9 12 18
N 972 0 6 9 12 18
N 973 0 7 9 12 18
N 974 1 4 8 9 12 19
N 975 2 4 8 9 12 19
N 976 3 4 8 9 12 19
N 977 0 5 8 9 12 18
N 978 0 6 8 9 12 18
N 979 0 7 8 9 12 18
N 980 1 4 8 13 20 21 22
N 981 2 4 8 13 20 21 23
N 982 0 5 8 13 20 21 22
N 983 0 6 8 13 20 21 23
N 984 1 4 9 11 17 20 22
N 985 2 4 9 11 17 20 23
N 986 0 5 9 11 17 20 22
N 987 0 6 9 11 17 20 23
N 988 1 4 8 11 13 20 22
N 989 2 4 8 11 13 20 23
N 990 0 5 8 11 13 20 22
N 991 0 6 8 11 13 20 23
N 992 1 4 9 10 17 21 22
N 993 2 4 9 10 17 21 23
N 994 0 5 9 10 17 21 22
N 995 0 6 9 10 17 21 23
N 996 1 4 8 10 13 21 22
N 997 2 4 8 10 13 21 23
N 998 0 5 8 10 13 21 22
N 999 0 6 8 10 13 21 23
N 1000 1 4 9 10 11 17 22
N 1001 2 4 9 10 11 17 23
N 1002 0 5 9 10 11 17 22
N 1003 0 6 9 10 11 17 23
N 1004 1 4 8 10 11 13 22
N 1005 2 4 8 10 11 13 23
N 1006 0 5 8 10 11 13 22
N 1007 0 6 8 10 11 13 23
N 1008 1 5 14 16
N 1009 1 5 8 14 16
N 1010 1 6 14 16
N 1011 1 6 8 14 16
N 1012 1 7 14 16
N 1013 1 7 8 14 16
N 1014 1 4 14 18
N 1015 1 4 8 14 18
N 1016 1 5 12 18
N 1017 1 6 12 18
N 1018 1 7 12 18
N 1019 1 5 8 12 18
N 1020 1 6 8 12 18
N 1021 1 7 8 12 18
N 1022 1 5 9 17 20 21 22
N 1023 1 5 9 14 16
N 1024 1 5 8 9 14 16
N 1025 1 6 9 17 20 21 23
N 1026 1 6 9 14 16
N 1027 1 6 8 9 14 16
N 1028 1 7 9 14 16
N 1029 1 7 8 9 14 16
N 1030 1 4 9 14 18
N 1031 1 4 8 9 14 18
N 1032 1 5 9 12 18
N 1033 1 6 9 12 18
N 1034 1 7 9 12 18
N 1035 1 5 8 9 12 18
N 1036 1 6 8 9 12 18
N 1037 1 7 8 9 12 18
N 1038 1 5 8 13 20 21 22
N 1039 1 6 8 13 20 21 23
N 1040 1 5 9 11 17 20 22
N 1041 1 6 9 11 17 20 23
N 1042 1 5 8 11 13 20 22
N 1043 1 6 8 11 13 20 23
N 1044 1 5 9 10 17 21 22
N 1045 1 6 9 10 17 21 23
N 1046 1 5 8 10 13 21 22
N 1047 1 6 8 10 13 21 23
N 1048 1 5 9 10 11 17 22
N 1049 1 6 9 10 11 17 23
N 1050 1 5 8 10 11 13 22
N 1051 1 6 8 10 11 13 23
N 1052 2 5 14 16
N 1053 2 5 8 14 16
N 1054 2 6 14 16
N 1055 2 6 8 14 16
N 1056 2 7 14 16
N 1057 2 7 8 14 16
N 1058 2 4 14 18
N 1059 2 4 8 14 18
N 1060 2 5 12 18
N 1061 2 6 12 18
N 1062 2 7 12 18
N 1063 2 5 8 12 18
N 1064 2 6 8 12 18
N 1065 2 7 8 12 18
N 1066 2 5 9 17 20 21 22
N 1067 2 5 9 14 16
N 1068 2 5 8 9 14 16
N 1069 2 6 9 17 20 21 23
N 1070 2 6 9 14 16
N 1071 2 6 8 9 14 16
N 1072 2 7 9 14 16
N 1073 2 7 8 9 14 16
N 1074 2 4 9 14 18
N 1075 2 4 8 9 14 18
N 1076 2 5 9 12 18
N 1077 2 6 9 12 18
N 1078 2 7 9 12 18
N 1079 2 5 8 9 12 18
N 1080 2 6 8 9 12 18
N 1081 2 7 8 9 12 18
N 1082 2 5 8 13 20 21 22
N 1083 2 6 8 13 20 21 23
N 1084 2 5 9 11 17 20 22
N 1085 2 6 9 11 17 20 23
N 1086 2 5 8 11 13 20 22
N 1087 2 6 8 11 13 20 23
N 1088 2 5 9 10 17 21 22
N 1089 2 6 9 10 17 21 23
N 1090 2 5 8 10 13 21 22
N 1091 2 6 8 10 13 21 23
N 1092 2 5 9 10 11 17 22
N 1093 2 6 9 10 11 17 23
N 1094 2 5 8 10 11 13 22
N 1095 2 6 8 10 11 13 23
N 1096 3 5 14 16
N 1097 3 5 8 14 16
N 1098 3 6 14 16
N 1099 3 6 8 14 16
N 1100 3 7 14 16
N 1101 3 7 8 14 16
N 1102 3 4 14 18
N 1103 3 4 8 14 18
N 1104 3 5 12 18
N 1105 3 6 12 18
N 1106 3 7 12 18
N 1107 3 5 8 12 18
N 1108 3 6 8 12 18
N 1109 3 7 8 12 18
N 1110 3 5 9 17 20 21 22
N 1111 3 5 9 14 16
N 1112 3 5 8 9 14 16
N 1113 3 6 9 17 20 21 23
N 1114 3 6 9 14 16
N 1115 3 6 8 9 14 16
N 1116 3 7 9 14 16
N 1117 3 7 8 9 14 16
N 1118 3 4 9 14 18
N 1119 3 4 8 9 14 18
N 1120 3 5 9 12 18
N 1121 3 6 9 12 18
N 1122 3 7 9 12 18
N 1123 3 5 8 9 12 18
N 1124 3 6 8 9 12 18
N 1125 3 7 8 9 12 18
N 1126 3 5 8 13 20 21 22
N 1127 3 6 8 13 20 21 23
N 1128 3 5 9 11 17 20 22
N 1129 3 6 9 11 17 20 23
N 1130 3 5 8 11 13 20 22
N 1131 3 6 8 11 13 20 23
N 1132 3 5 9 10 17 21 22
N 1133 3 6 9 10 17 21 23
N 1134 3 5 8 10 13 21 22
N 1135 3 6 8 10 13 21 23
N 1136 3 5 9 10 11 17 22
N 1137 3 6 9 10 11 17 23
N 1138 3 5 8 10 11 13 22
N 1139 3 6 8 10 11 13 23
N 1140 1 5 15 16
N 1141 1 5 8 15 16
N 1142 2 5 15 16
N 1143 2 5 8 15 16
N 1144 3 5 15 16
N 1145 3 5 8 15 16
N 1146 0 5 15 19
N 1147 0 5 8 15 19
N 1148 1 5 12 19
N 1149 2 5 12 19
N 1150 3 5 12 19
N 1151 1 5 8 12 19
N 1152 2 5 8 12 19
N 1153 3 5 8 12 19
N 1154 1 5 9 15 16
N 1155 1 5 8 9 15 16
N 1156 2 5 9 17 20 21 23
N 1157 2 5 9 15 16
N 1158 2 5 8 9 15 16
N 1159 3 5 9 15 16
N 1160 3 5 8 9 15 16
N 1161 0 5 9 15 19
N 1162 0 5 8 9 15 19
N 1163 1 5 9 12 19
N 1164 2 5 9 12 19
N 1165 3 5 9 12 19
N 1166 1 5 8 9 12 19
N 1167 2 5 8 9 12 19
N 1168 3 5 8 9 12 19
N 1169 2 5 8 13 20 21 23
N 1170 2 5 9 11 17 20 23
N 1171 2 5 8 11 13 20 23
N 1172 2 5 9 10 17 21 23
N 1173 2 5 8 10 13 21 23
N 1174 2 5 9 10 11 17 23
N 1175 2 5 8 10 11 13 23
N 1176 1 6 15 16
N 1177 1 6 8 15 16
N 1178 2 6 15 16
N 1179 2 6 8 15 16
N 1180 3 6 15 16
N 1181 3 6 8 15 16
N 1182 0 6 15 19
N 1183 0 6 8 15 19
N 1184 1 6 12 19
N 1185 2 6 12 19
N 1186 3 6 12 19
N 1187 1 6 8 12 19
N 1188 2 6 8 12 19
N 1189 3 6 8 12 19
N 1190 1 6 9 17 20 21 22
N 1191 1 6 9 15 16
N 1192 1 6 8 9 15 16
N 1193 2 6 9 15 16
N 1194 2 6 8 9 15 16
N 1195 3 6 9 15 16
N 1196 3 6 8 9 15 16
N 1197 0 6 9 15 19
N 1198 0 6 8 9 15 19
N 1199 1 6 9 12 19
N 1200 2 6 9 12 19
N 1201 3 6 9 12 19
N 1202 1 6 8 9 12 19
N 1203 2 6 8 9 12 19
N 1204 3 6 8 9 12 19
N 1205 1 6 8 13 20 21 22
N 1206 1 6 9 11 17 20 22
N 1207 1 6 8 11 13 20 22
N 1208 1 6 9 10 17 21 22
N 1209 1 6 8 10 13 21 22
N 1210 1 6 9 10 11 17 22
N 1211 1 6 8 10 11 13 22
N 1212 1 7 15 16
N 1213 1 7 8 15 16
N 1214 2 7 15 16
N 1215 2 7 8 15 16
N 1216 3 7 15 16
N 1217 3 7 8 15 16
N 1218 0 7 15 19
N 1219 0 7 8 15 19
N 1220 1 7 12 19
N 1221 2 7 12 19
N 1222 3 7 12 19
N 1223 1 7 8 12 19
N 1224 2 7 8 12 19
N 1225 3 7 8 12 19
N 1226 1 7 9 17 20 21 22
N 1227 1 7 9 15 16
N 1228 1 7 8 9 15 16
N 1229 2 7 9 17 20 21 23
N 1230 2 7 9 15 16
N 1231 2 7 8 9 15 16
N 1232 3 7 9 15 16
N 1233 3 7 8 9 15 16
N 1234 0 7 9 15 19
N 1235 0 7 8 9 15 19
N 1236 1 7 9 12 19
N 1237 2 7 9 12 19
N 1238 3 7 9 12 19
N 1239 1 7 8 9 12 19
N 1240 2 7 8 9 12 19
N 1241 3 7 8 9 12 19
N 1242 1 7 8 13 20 21 22
N 1243 2 7 8 13 20 21 23
N 1244 1 7 9 11 17 20 22
N 1245 2 7 9 11 17 20 23
N 1246 1 7 8 11 13 20 22
N 1247 2 7 8 11 13 20 23
N 1248 1 7 9 10 17 21 22
N 1249 2 7 9 10 17 21 23
N 1250 1 7 8 10 13 21 22
N 1251 2 7 8 10 13 21 23
N 1252 1 7 9 10 11 17 22
N 1253 2 7 9 10 11 17 23
N 1254 1 7 8 10 11 13 22
N 1255 2 7 8 10 11 13 23
N 1256 1 4 15 18
N 1257 1 4 8 15 18
N 1258 2 4 15 18
N 1259 2 4 8 15 18
N 1260 3 4 15 18
N 1261 3 4 8 15 18
N 1262 1 4 15 19
N 1263 2 4 15 19
N 1264 3 4 15 19
N 1265 0 5 15 18
N 1266 0 6 15 18
N 1267 0 7 15 18
N 1268 1 4 8 15 19
N 1269 2 4 8 15 19
N 1270 3 4 8 15 19
N 1271 0 5 8 15 18
N 1272 0 6 8 15 18
N 1273 0 7 8 15 18
N 1274 0 5 14 19
N 1275 0 5 8 14 19
N 1276 0 6 14 19
N 1277 0 6 8 14 19
N 1278 0 7 14 19
N 1279 0 7 8 14 19
N 1280 1 4 14 19
N 1281 2 4 14 19
N 1282 3 4 14 19
N 1283 0 5 14 18
N 1284 0 6 14 18
N 1285 0 7 14 18
N 1286 1 4 8 14 19
N 1287 2 4 8 14 19
N 1288 3 4 8 14 19
N 1289 0 5 8 14 18
N 1290 0 6 8 14 18
N 1291 0 7 8 14 18
N 1292 1 4 8 12 22
N 1293 2 4 8 12 23
N 1294 0 5 8 12 22
N 1295 0 6 8 12 23
N 1296 0 4 9 17 20 21 22
N 1297 2 4 9 17 20 21 22
N 1298 3 4 9 17 20 21 22
N 1299 1 4 9 16 22
N 1300 1 4 8 9 16 22
N 1301 1 4 9 15 18
N 1302 1 4 8 9 15 18
N 1303 0 4 9 17 20 21 23
N 1304 1 4 9 17 20 21 23
N 1305 3 4 9 17 20 21 23
N 1306 2 4 9 16 23
N 1307 2 4 8 9 16 23
N 1308 2 4 9 15 18
N 1309 2 4 8 9 15 18
N 1310 3 4 9 15 18
N 1311 3 4 8 9 15 18
N 1312 1 4 9 15 19
N 1313 2 4 9 15 19
N 1314 3 4 9 15 19
N 1315 0 5 9 15 18
N 1316 0 6 9 15 18
N 1317 0 7 9 15 18
N 1318 1 4 8 9 15 19
N 1319 2 4 8 9 15 19
N 1320 3 4 8 9 15 19
N 1321 0 5 8 9 15 18
N 1322 0 6 8 9 15 18
N 1323 0 7 8 9 15 18
N 1324 0 6 9 17 20 21 22
N 1325 0 7 9 17 20 21 22
N 1326 0 5 9 16 22
N 1327 0 5 8 9 16 22
N 1328 0 5 9 14 19
N 1329 0 5 8 9 14 19
N 1330 0 5 9 17 20 21 23
N 1331 0 7 9 17 20 21 23
N 1332 0 6 9 16 23
N 1333 0 6 8 9 16 23
N 1334 0 6 9 14 19
N 1335 0 6 8 9 14 19
N 1336 0 7 9 14 19
N 1337 0 7 8 9 14 19
N 1338 1 4 9 14 19
N 1339 2 4 9 14 19
N 1340 3 4 9 14 19
N 1341 0 5 9 14 18
N 1342 0 6 9 14 18
N 1343 0 7 9 14 18
N 1344 1 4 8 9 14 19
N 1345 2 4 8 9 14 19
N 1346 3 4 8 9 14 19
N 1347 0 5 8 9 14 18
N 1348 0 6 8 9 14 18
N 1349 0 7 8 9 14 18
N 1350 1 4 8 9 12 22
N 1351 2 4 8 9 12 23
N 1352 0 5 8 9 12 22
N 1353 0 6 8 9 12 23
N 1354 0 4 8 13 20 21 22
N 1355 2 4 8 13 20 21 22
N 1356 3 4 8 13 20 21 22
N 1357 0 4 8 13 20 21 23
N 1358 1 4 8 13 20 21 23
N 1359 3 4 8 13 20 21 23
N 1360 0 6 8 13 20 21 22
N 1361 0 7 8 13 20 21 22
N 1362 0 5 8 13 20 21 23
N 1363 0 7 8 13 20 21 23
N 1364 0 4 9 11 17 20 22
N 1365 2 4 9 11 17 20 22
N 1366 3 4 9 11 17 20 22
N 1367 0 4 9 11 17 20 23
N 1368 1 4 9 11 17 20 23
N 1369 3 4 9 11 17 20 23
N 1370 0 6 9 11 17 20 22
N 1371 0 7 9 11 17 20 22
N 1372 0 5 9 11 17 20 23
N 1373 0 7 9 11 17 20 23
N 1374 0 4 8 11 13 20 22
N 1375 2 4 8 11 13 20 22
N 1376 3 4 8 11 13 20 22
N 1377 0 4 8 11 13 20 23
N 1378 1 4 8 11 13 20 23
N 1379 3 4 8 11 13 20 23
N 1380 0 6 8 11 13 20 22
N 1381 0 7 8 11 13 20 22
N 1382 0 5 8 11 13 20 23
N 1383 0 7 8 11 13 20 23
N 1384 0 4 9 10 17 21 22
N 1385 2 4 9 10 17 21 22
N 1386 3 4 9 10 17 21 22
N 1387 0 4 9 10 17 21 23
N 1388 1 4 9 10 17 21 23
N 1389 3 4 9 10 17 21 23
N 1390 0 6 9 10 17 21 22
N 1391 0 7 9 10 17 21 22
N 1392 0 5 9 10 17 21 23
N 1393 0 7 9 10 17 21 23
N 1394 0 4 8 10 13 21 22
N 1395 2 4 8 10 13 21 22
N 1396 3 4 8 10 13 21 22
N 1397 0 4 8 10 13 21 23
N 1398 1 4 8 10 13 21 23
N 1399 3 4 8 10 13 21 23
N 1400 0 6 8 10 13 21 22
N 1401 0 7 8 10 13 21 22
N 1402 0 5 8 10 13 21 23
N 1403 0 7 8 10 13 21 23
N 1404 0 4 9 10 11 17 22
N 1405 2 4 9 10 11 17 22
N 1406 3 4 9 10 11 17 22
N 1407 0 4 9 10 11 17 23
N 1408 1 4 9 10 11 17 23
N 1409 3 4 9 10 11 17 23
N 1410 0 6 9 10 11 17 22
N 1411 0 7 9 10 11 17 22
N 1412 0 5 9 10 11 17 23
N 1413 0 7 9 10 11 17 23
N 1414 0 4 8 10 11 13 22
N 1415 2 4 8 10 11 13 22
N 1416 3 4 8 10 11 13 22
N 1417 0 4 8 10 11 13 23
N 1418 1 4 8 10 11 13 23
N 1419 3 4 8 10 11 13 23
N 1420 0 6 8 10 11 13 22
N 1421 0 7 8 10 11 13 22
N 1422 0 5 8 10 11 13 23
N 1423 0 7 8 10 11 13 23
N 1424 1 5 14 18
N 1425 1 6 14 18
N 1426 1 7 14 18
N 1427 1 5 8 14 18
N 1428 1 6 8 14 18
N 1429 1 7 8 14 18
N 1430 1 5 8 12 22
N 1431 1 6 8 12 23
N 1432 1 5 9 16 22
N 1433 1 5 8 9 16 22
N 1434 1 5 9 17 20 21 23
N 1435 1 7 9 17 20 21 23
N 1436 1 6 9 16 23
N 1437 1 6 8 9 16 23
N 1438 1 5 9 14 18
N 1439 1 6 9 14 18
N 1440 1 7 9 14 18
N 1441 1 5 8 9 14 18
N 1442 1 6 8 9 14 18
N 1443 1 7 8 9 14 18
N 1444 1 5 8 9 12 22
N 1445 1 6 8 9 12 23
N 1446 1 5 8 13 20 21 23
N 1447 1 7 8 13 20 21 23
N 1448 1 5 9 11 17 20 23
N 1449 1 7 9 11 17 20 23
N 1450 1 5 8 11 13 20 23
N 1451 1 7 8 11 13 20 23
N 1452 1 5 9 10 17 21 23
N 1453 1 7 9 10 17 21 23
N 1454 1 5 8 10 13 21 23
N 1455 1 7 8 10 13 21 23
N 1456 1 5 9 10 11 17 23
N 1457 1 7 9 10 11 17 23
N 1458 1 5 8 10 11 13 23
N 1459 1 7 8 10 11 13 23
N 1460 2 5 14 18
N 1461 2 6 14 18
N 1462 2 7 14 18
N 1463 2 5 8 14 18
N 1464 2 6 8 14 18
N 1465 2 7 8 14 18
N 1466 2 5 8 12 22
N 1467 2 6 8 12 23
N 1468 2 6 9 17 20 21 22
N 1469 2 7 9 17 20 21 22
N 1470 2 5 9 16 22
N 1471 2 5 8 9 16 22
N 1472 2 6 9 16 23
N 1473 2 6 8 9 16 23
N 1474 2 5 9 14 18
N 1475 2 6 9 14 18
N 1476 2 7 9 14 18
N 1477 2 5 8 9 14 18
N 1478 2 6 8 9 14 18
N 1479 2 7 8 9 14 18
N 1480 2 5 8 9 12 22
N 1481 2 6 8 9 12 23
N 1482 2 6 8 13 20 21 22
N 1483 2 7 8 13 20 21 22
N 1484 2 6 9 11 17 20 22
N 1485 2 7 9 11 17 20 22
N 1486 2 6 8 11 13 20 22
N 1487 2 7 8 11 13 20 22
N 1488 2 6 9 10 17 21 22
N 1489 2 7 9 10 17 21 22
N 1490 2 6 8 10 13 21 22
N 1491 2 7 8 10 13 21 22
N 1492 2 6 9 10 11 17 22
N 1493 2 7 9 10 11 17 22
N 1494 2 6 8 10 11 13 22
N 1495 2 7 8 10 11 13 22
N 1496 3 5 14 18
N 1497 3 6 14 18
N 1498 3 7 14 18
N 1499 3 5 8 14 18
N 1500 3 6 8 14 18
N 1501 3 7 8 14 18
N 1502 3 5 8 12 22
N 1503 3 6 8 12 23
N 1504 3 6 9 17 20 21 22
N 1505 3 7 9 17 20 21 22
N 1506 3 5 9 16 22
N 1507 3 5 8 9 16 22
N 1508 3 5 9 17 20 21 23
N 1509 3 7 9 17 20 21 23
N 1510 3 6 9 16 23
N 1511 3 6 8 9 16 23
N 1512 3 5 9 14 18
N 1513 3 6 9 14 18
N 1514 3 7 9 14 18
N 1515 3 5 8 9 14 18
N 1516 3 6 8 9 14 18
N 1517 3 7 8 9 14 18
N 1518 3 5 8 9 12 22
N 1519 3 6 8 9 12 23
N 1520 3 6 8 13 20 21 22
N 1521 3 7 8 13 20 21 22
N 1522 3 5 8 13 20 21 23
N 1523 3 7 8 13 20 21 23
N 1524 3 6 9 11 17 20 22
N 1525 3 7 9 11 17 20 22
N 1526 3 5 9 11 17 20 23
N 1527 3 7 9 11 17 20 23
N 1528 3 6 8 11 13 20 22
N 1529 3 7 8 11 13 20 22
N 1530 3 5 8 11 13 20 23
N 1531 3 7 8 11 13 20 23
N 1532 3 6 9 10 17 21 22
N 1533 3 7 9 10 17 21 22
N 1534 3 5 9 10 17 21 23
N 1535 3 7 9 10 17 21 23
N 1536 3 6 8 10 13 21 22
N 1537 3 7 8 10 13 21 22
N 1538 3 5 8 10 13 21 23
N 1539 3 7 8 10 13 21 23
N 1540 3 6 9 10 11 17 22
N 1541 3 7 9 10 11 17 22
N 1542 3 5 9 10 11 17 23
N 1543 3 7 9 10 11 17 23
N 1544 3 6 8 10 11 13 22
N 1545 3 7 8 10 11 13 22
N 1546 3 5 8 10 11 13 23
N 1547 3 7 8 10 11 13 23
N 1548 1 5 15 19
N 1549 2 5 15 19
N 1550 3 5 15 19
N 1551 1 5 8 15 19
N 1552 2 5 8 15 19
N 1553 3 5 8 15 19
N 1554 2 5 8 12 23
N 1555 2 5 9 16 23
N 1556 2 5 8 9 16 23
N 1557 1 5 9 15 19
N 1558 2 5 9 15 19
N 1559 3 5 9 15 19
N 1560 1 5 8 9 15 19
N 1561 2 5 8 9 15 19
N 1562 3 5 8 9 15 19
N 1563 2 5 8 9 12 23
N 1564 1 6 15 19
N 1565 2 6 15 19
N 1566 3 6 15 19
N 1567 1 6 8 15 19
N 1568 2 6 8 15 19
N 1569 3 6 8 15 19
N 1570 1 6 8 12 22
N 1571 1 6 9 16 22
N 1572 1 6 8 9 16 22
N 1573 1 6 9 15 19
N 1574 2 6 9 15 19
N 1575 3 6 9 15 19
N 1576 1 6 8 9 15 19
N 1577 2 6 8 9 15 19
N 1578 3 6 8 9 15 19
N 1579 1 6 8 9 12 22
N 1580 1 7 15 19
N 1581 2 7 15 19
N 1582 3 7 15 19
N 1583 1 7 8 15 19
N 1584 2 7 8 15 19
N 1585 3 7 8 15 19
N 1586 1 7 8 12 22
N 1587 2 7 8 12 23
N 1588 1 7 9 16 22
N 1589 1 7 8 9 16 22
N 1590 2 7 9 16 23
N 1591 2 7 8 9 16 23
N 1592 1 7 9 15 19
N 1593 2 7 9 15 19
N 1594 3 7 9 15 19
N 1595 1 7 8 9 15 19
N 1596 2 7 8 9 15 19
N 1597 3 7 8 9 15 19
N 1598 1 7 8 9 12 22
N 1599 2 7 8 9 12 23
N 1600 1 5 15 18
N 1601 1 6 15 18
N 1602 1 7 15 18
N 1603 1 5 8 15 18
N 1604 1 6 8 15 18
N 1605 1 7 8 15 18
N 1606 2 5 15 18
N 1607 2 6 15 18
N 1608 2 7 15 18
N 1609 2 5 8 15 18
N 1610 2 6 8 15 18
N 1611 2 7 8 15 18
N 1612 3 5 15 18
N 1613 3 6 15 18
N 1614 3 7 15 18
N 1615 3 5 8 15 18
N 1616 3 6 8 15 18
N 1617 3 7 8 15 18
N 1618 1 4 8 15 22
N 1619 2 4 8 15 23
N 1620 0 5 8 15 22
N 1621 0 6 8 15 23
N 1622 1 5 14 19
N 1623 2 5 14 19
N 1624 3 5 14 19
N 1625 1 5 8 14 19
N 1626 2 5 8 14 19
N 1627 3 5 8 14 19
N 1628 1 6 14 19
N 1629 2 6 14 19
N 1630 3 6 14 19
N 1631 1 6 8 14 19
N 1632 2 6 8 14 19
N 1633 3 6 8 14 19
N 1634 1 7 14 19
N 1635 2 7 14 19
N 1636 3 7 14 19
N 1637 1 7 8 14 19
N 1638 2 7 8 14 19
N 1639 3 7 8 14 19
N 1640 1 4 8 14 22
N 1641 2 4 8 14 23
N 1642 0 5 8 14 22
N 1643 0 6 8 14 23
N 1644 0 4 8 12 22
N 1645 2 4 8 12 22
N 1646 3 4 8 12 22
N 1647 0 4 8 12 23
N 1648 1 4 8 12 23
N 1649 3 4 8 12 23
N 1650 0 6 8 12 22
N 1651 0 7 8 12 22
N 1652 0 5 8 12 23
N 1653 0 7 8 12 23
N 1654 0 4 9 16 22
N 1655 0 4 8 9 16 22
N 1656 2 4 9 16 22
N 1657 2 4 8 9 16 22
N 1658 3 4 9 16 22
N 1659 3 4 8 9 16 22
N 1660 1 4 9 18 22
N 1661 1 4 8 9 18 22
N 1662 1 5 9 15 18
N 1663 1 6 9 15 18
N 1664 1 7 9 15 18
N 1665 1 5 8 9 15 18
N 1666 1 6 8 9 15 18
N 1667 1 7 8 9 15 18
N 1668 0 4 9 16 23
N 1669 0 4 8 9 16 23
N 1670 1 4 9 16 23
N 1671 1 4 8 9 16 23
N 1672 3 4 9 16 23
N 1673 3 4 8 9 16 23
N 1674 2 4 9 18 23
N 1675 2 4 8 9 18 23
N 1676 2 5 9 15 18
N 1677 2 6 9 15 18
N 1678 2 7 9 15 18
N 1679 2 5 8 9 15 18
N 1680 2 6 8 9 15 18
N 1681 2 7 8 9 15 18
N 1682 3 5 9 15 18
N 1683 3 6 9 15 18
N 1684 3 7 9 15 18
N 1685 3 5 8 9 15 18
N 1686 3 6 8 9 15 18
N 1687 3 7 8 9 15 18
N 1688 1 4 9 19 22
N 1689 2 4 9 19 23
N 1690 1 4 8 9 15 22
N 1691 1 4 8 9 19 22
N 1692 2 4 8 9 15 23
N 1693 2 4 8 9 19 23
N 1694 0 5 8 9 15 22
N 1695 0 6 8 9 15 23
N 1696 0 6 9 16 22
N 1697 0 6 8 9 16 22
N 1698 0 7 9 16 22
N 1699 0 7 8 9 16 22
N 1700 0 5 9 19 22
N 1701 0 5 8 9 19 22
N 1702 1 5 9 14 19
N 1703 2 5 9 14 19
N 1704 3 5 9 14 19
N 1705 1 5 8 9 14 19
N 1706 2 5 8 9 14 19
N 1707 3 5 8 9 14 19
N 1708 0 5 9 16 23
N 1709 0 5 8 9 16 23
N 1710 0 7 9 16 23
N 1711 0 7 8 9 16 23
N 1712 0 6 9 19 23
N 1713 0 6 8 9 19 23
N 1714 1 6 9 14 19
N 1715 2 6 9 14 19
N 1716 3 6 9 14 19
N 1717 1 6 8 9 14 19
N 1718 2 6 8 9 14 19
N 1719 3 6 8 9 14 19
N 1720 1 7 9 14 19
N 1721 2 7 9 14 19
N 1722 3 7 9 14 19
N 1723 1 7 8 9 14 19
N 1724 2 7 8 9 14 19
N 1725 3 7 8 9 14 19
N 1726 0 5 9 18 22
N 1727 0 6 9 18 23
N 1728 1 4 8 9 14 22
N 1729 2 4 8 9 14 23
N 1730 0 5 8 9 14 22
N 1731 0 5 8 9 18 22
N 1732 0 6 8 9 14 23
N 1733 0 6 8 9 18 23
N 1734 0 4 8 9 12 22
N 1735 2 4 8 9 12 22
N 1736 3 4 8 9 12 22
N 1737 0 4 8 9 12 23
N 1738 1 4 8 9 12 23
N 1739 3 4 8 9 12 23
N 1740 0 6 8 9 12 22
N 1741 0 7 8 9 12 22
N 1742 0 5 8 9 12 23
N 1743 0 7 8 9 12 23
N 1744 1 5 8 14 22
N 1745 1 6 8 14 23
N 1746 1 5 8 12 23
N 1747 1 7 8 12 23
N 1748 1 5 9 16 23
N 1749 1 5 8 9 16 23
N 1750 1 7 9 16 23
N 1751 1 7 8 9 16 23
N 1752 1 5 9 18 22
N 1753 1 6 9 18 23
N 1754 1 5 8 9 14 22
N 1755 1 5 8 9 18 22
N 1756 1 6 8 9 14 23
N 1757 1 6 8 9 18 23
N 1758 1 5 8 9 12 23
N 1759 1 7 8 9 12 23
N 1760 2 5 8 14 22
N 1761 2 6 8 14 23
N 1762 2 6 8 12 22
N 1763 2 7 8 12 22
N 1764 2 6 9 16 22
N 1765 2 6 8 9 16 22
N 1766 2 7 9 16 22
N 1767 2 7 8 9 16 22
N 1768 2 5 9 18 22
N 1769 2 6 9 18 23
N 1770 2 5 8 9 14 22
N 1771 2 5 8 9 18 22
N 1772 2 6 8 9 14 23
N 1773 2 6 8 9 18 23
N 1774 2 6 8 9 12 22
N 1775 2 7 8 9 12 22
N 1776 3 5 8 14 22
N 1777 3 6 8 14 23
N 1778 3 6 8 12 22
N 1779 3 7 8 12 22
N 1780 3 5 8 12 23
N 1781 3 7 8 12 23
N 1782 3 6 9 16 22
N 1783 3 6 8 9 16 22
N 1784 3 7 9 16 22
N 1785 3 7 8 9 16 22
N 1786 3 5 9 16 23
N 1787 3 5 8 9 16 23
N 1788 3 7 9 16 23
N 1789 3 7 8 9 16 23
N 1790 3 5 9 18 22
N 1791 3 6 9 18 23
N 1792 3 5 8 9 14 22
N 1793 3 5 8 9 18 22
N 1794 3 6 8 9 14 23
N 1795 3 6 8 9 18 23
N 1796 3 6 8 9 12 22
N 1797 3 7 8 9 12 22
N 1798 3 5 8 9 12 23
N 1799 3 7 8 9 12 23
N 1800 1 5 8 15 22
N 1801 2 5 8 15 23
N 1802 1 5 9 19 22
N 1803 2 5 9 19 23
N 1804 1 5 8 9 15 22
N 1805 1 5 8 9 19 22
N 1806 2 5 8 9 15 23
N 1807 2 5 8 9 19 23
N 1808 1 6 8 15 22
N 1809 2 6 8 15 23
N 1810 1 6 9 19 22
N 1811 2 6 9 19 23
N 1812 1 6 8 9 15 22
N 1813 1 6 8 9 19 22
N 1814 2 6 8 9 15 23
N 1815 2 6 8 9 19 23
N 1816 1 7 8 15 22
N 1817 2 7 8 15 23
N 1818 1 7 9 19 22
N 1819 2 7 9 19 23
N 1820 1 7 8 9 15 22
N 1821 1 7 8 9 19 22
N 1822 2 7 8 9 15 23
N 1823 2 7 8 9 19 23
N 1824 1 6 8 15 23
N 1825 2 5 8 15 22
N 1826 3 5 8 15 22
N 1827 3 6 8 15 23
N 1828 0 4 8 15 22
N 1829 2 4 8 15 22
N 1830 3 4 8 15 22
N 1831 0 4 8 15 23
N 1832 1 4 8 15 23
N 1833 3 4 8 15 23
N 1834 0 6 8 15 22
N 1835 0 7 8 15 22
N 1836 0 5 8 15 23
N 1837 0 7 8 15 23
N 1838 2 5 8 14 23
N 1839 1 6 8 14 22
N 1840 1 7 8 14 22
N 1841 2 7 8 14 23
N 1842 0 4 8 14 22
N 1843 2 4 8 14 22
N 1844 3 4 8 14 22
N 1845 0 4 8 14 23
N 1846 1 4 8 14 23
N 1847 3 4 8 14 23
N 1848 0 6 8 14 22
N 1849 0 7 8 14 22
N 1850 0 5 8 14 23
N 1851 0 7 8 14 23
N 1852 0 4 9 19 22
N 1853 0 4 9 18 22
N 1854 0 4 8 9 19 22
N 1855 0 4 8 9 18 22
N 1856 2 4 9 18 22
N 1857 2 4 8 9 18 22
N 1858 3 4 9 18 22
N 1859 3 4 8 9 18 22
N 1860 1 6 9 18 22
N 1861 1 7 9 18 22
N 1862 1 6 8 9 18 22
N 1863 1 7 8 9 18 22
N 1864 1 6 8 9 15 23
N 1865 0 4 9 19 23
N 1866 0 4 9 18 23
N 1867 0 4 8 9 19 23
N 1868 0 4 8 9 18 23
N 1869 1 4 9 18 23
N 1870 1 4 8 9 18 23
N 1871 3 4 9 18 23
N 1872 3 4 8 9 18 23
N 1873 2 5 9 18 23
N 1874 2 7 9 18 23
N 1875 2 5 8 9 18 23
N 1876 2 7 8 9 18 23
N 1877 2 5 8 9 15 22
N 1878 3 5 8 9 15 22
N 1879 3 6 8 9 15 23
N 1880 2 4 9 19 22
N 1881 3 4 9 19 22
N 1882 1 4 9 19 23
N 1883 3 4 9 19 23
N 1884 0 4 8 9 15 22
N 1885 2 4 8 9 15 22
N 1886 3 4 8 9 15 22
N 1887 1 4 8 9 22
N 1888 2 4 8 9 19 22
N 1889 3 4 8 9 19 22
N 1890 0 4 8 9 15 23
N 1891 1 4 8 9 15 23
N 1892 3 4 8 9 15 23
N 1893 2 4 8 9 23
N 1894 1 4 8 9 19 23
N 1895 3 4 8 9 19 23
N 1896 0 6 8 9 15 22
N 1897 0 7 8 9 15 22
N 1898 0 5 8 9 15 23
N 1899 0 7 8 9 15 23
N 1900 0 6 9 19 22
N 1901 0 6 8 9 19 22
N 1902 0 7 9 19 22
N 1903 0 7 8 9 19 22
N 1904 2 5 9 19 22
N 1905 3 5 9 19 22
N 1906 2 5 8 9 19 22
N 1907 3 5 8 9 19 22
N 1908 2 5 8 9 14 23
N 1909 0 5 9 19 23
N 1910 0 5 8 9 19 23
N 1911 0 7 9 19 23
N 1912 0 7 8 9 19 23
N 1913 1 6 9 19 23
N 1914 3 6 9 19 23
N 1915 1 6 8 9 19 23
N 1916 3 6 8 9 19 23
N 1917 1 6 8 9 14 22
N 1918 1 7 8 9 14 22
N 1919 2 7 8 9 14 23
N 1920 0 6 9 18 22
N 1921 0 7 9 18 22
N 1922 0 5 9 18 23
N 1923 0 7 9 18 23
N 1924 0 4 8 9 14 22
N 1925 2 4 8 9 14 22
N 1926 3 4 8 9 14 22
N 1927 0 4 8 9 14 23
N 1928 1 4 8 9 14 23
N 1929 3 4 8 9 14 23
N 1930 0 6 8 9 14 22
N 1931 0 7 8 9 14 22
N 1932 0 5 8 9 22
N 1933 0 6 8 9 18 22
N 1934 0 7 8 9 18 22
N 1935 0 5 8 9 14 23
N 1936 0 7 8 9 14 23
N 1937 0 6 8 9 23
N 1938 0 5 8 9 18 23
N 1939 0 7 8 9 18 23
N 1940 1 5 8 14 23
N 1941 1 7 8 14 23
N 1942 1 5 9 18 23
N 1943 1 7 9 18 23
N 1944 1 5 8 9 22
N 1945 1 5 8 9 14 23
N 1946 1 7 8 9 14 23
N 1947 1 6 8 9 23
N 1948 1 5 8 9 18 23
N 1949 1 7 8 9 18 23
N 1950 2 6 8 14 22
N 1951 2 7 8 14 22
N 1952 2 6 9 18 22
N 1953 2 7 9 18 22
N 1954 2 6 8 9 14 22
N 1955 2 7 8 9 14 22
N 1956 2 5 8 9 22
N 1957 2 6 8 9 18 22
N 1958 2 7 8 9 18 22
N 1959 2 6 8 9 23
N 1960 3 6 8 14 22
N 1961 3 7 8 14 22
N 1962 3 5 8 14 23
N 1963 3 7 8 14 23
N 1964 3 6 9 18 22
N 1965 3 7 9 18 22
N 1966 3 5 9 18 23
N 1967 3 7 9 18 23
N 1968 3 6 8 9 14 22
N 1969 3 7 8 9 14 22
N 1970 3 5 8 9 22
N 1971 3 6 8 9 18 22
N 1972 3 7 8 9 18 22
N 1973 3 5 8 9 14 23
N 1974 3 7 8 9 14 23
N 1975 3 6 8 9 23
N 1976 3 5 8 9 18 23
N 1977 3 7 8 9 18 23
N 1978 1 5 8 15 23
N 1979 3 5 8 15 23
N 1980 1 5 9 19 23
N 1981 3 5 9 19 23
N 1982 1 5 8 9 15 23
N 1983 3 5 8 9 15 23
N 1984 2 5 8 9 23
N 1985 1 5 8 9 19 23
N 1986 3 5 8 9 19 23
N 1987 2 6 8 15 22
N 1988 3 6 8 15 22
N 1989 2 6 9 19 22
N 1990 3 6 9 19 22
N 1991 2 6 8 9 15 22
N 1992 3 6 8 9 15 22
N 1993 1 6 8 9 22
N 1994 2 6 8 9 19 22
N 1995 3 6 8 9 19 22
N 1996 2 7 8 15 22
N 1997 3 7 8 15 22
N 1998 1 7 8 15 23
N 1999 3 7 8 15 23
N 2000 2 7 9 19 22
N 2001 3 7 9 19 22
N 2002 1 7 9 19 23
N 2003 3 7 9 19 23
N 2004 2 7 8 9 15 22
N 2005 3 7 8 9 15 22
N 2006 1 7 8 9 22
N 2007 2 7 8 9 19 22
N 2008 3 7 8 9 19 22
N 2009 1 7 8 9 15 23
N 2010 3 7 8 9 15 23
N 2011 2 7 8 9 23
N 2012 1 7 8 9 19 23
N 2013 3 7 8 9 19 23
G 2014 1 6 8 9 22 23
G 2015 2 5 8 9 22 23
G 2016 2 4 8 9 22 23
N 2017 0 4 8 9 22
N 2018 2 4 8 9 22
N 2019 3 4 8 9 22
G 2020 1 4 8 9 22 23
N 2021 0 4 8 9 23
N 2022 1 4 8 9 23
N 2023 3 4 8 9 23
G 2024 0 6 8 9 22 23
N 2025 0 6 8 9 22
N 2026 0 7 8 9 22
G 2027 0 5 8 9 22 23
N 2028 0 5 8 9 23
N 2029 0 7 8 9 23
G 2030 1 5 8 9 22 23
N 2031 1 5 8 9 23
N 2032 1 7 8 9 23
G 2033 2 6 8 9 22 23
N 2034 2 6 8 9 22
N 2035 2 7 8 9 22
G 2036 3 6 8 9 22 23
N 2037 3 6 8 9 22
N 2038 3 7 8 9 22
G 2039 3 5 8 9 22 23
N 2040 3 5 8 9 23
N 2041 3 7 8 9 23
G 2042 2 7 8 9 22 23
G 2043 1 7 8 9 22 23
G 2044 0 4 8 9 22 23
G 2045 3 4 8 9 22 23
G 2046 0 7 8 9 22 23
G 2047 3 7 8 9 22 23
