N 0 6 9 12 26
N 1 3 9 12 26
N 2 7 9 12 26
N 3 6 12 29
N 4 0 9 12 26
N 5 4 9 12 26
N 6 8 9 12 26
N 7 3 12 29
N 8 7 12 29
N 9 1 9 12 26
N 10 5 9 12 26
N 11 0 12 29
N 12 4 12 29
N 13 3 9 12 23
N 14 8 12 29
N 15 7 9 12 27
N 16 2 9 12 26
N 17 1 12 29
N 18 0 9 12 20
N 19 5 12 29
N 20 4 9 12 24
N 21 0 9 12 23
N 22 4 9 12 23
N 23 6 9 12 23
N 24 8 9 12 28
N 25 4 9 12 27
N 26 6 9 12 27
N 27 8 9 12 27
N 28 2 19 26
N 29 2 12 29
N 30 1 9 12 21
N 31 1 9 12 20
N 32 3 9 12 20
N 33 5 9 12 25
N 34 1 9 12 24
N 35 3 9 12 24
N 36 5 9 12 24
N 37 7 9 12 24
N 38 1 9 12 23
N 39 5 9 12 23
N 40 7 9 12 23
N 41 5 9 12 28
N 42 7 9 12 28
N 43 1 9 12 27
N 44 3 9 12 27
N 45 5 9 12 27
N 46 1 19 26
N 47 5 19 26
N 48 2 9 12 22
N 49 0 9 12 21
N 50 2 9 12 21
N 51 4 9 12 21
N 52 2 9 12 20
N 53 4 9 12 20
N 54 6 9 12 20
N 55 2 9 12 25
N 56 4 9 12 25
N 57 8 9 12 25
N 58 0 9 12 24
N 59 2 9 12 24
N 60 6 9 12 24
N 61 8 9 12 24
N 62 2 9 12 23
N 63 8 9 12 23
N 64 2 9 12 28
N 65 4 9 12 28
N 66 6 9 12 28
N 67 0 9 12 27
N 68 2 9 12 27
N 69 0 19 26
N 70 4 19 26
N 71 1 9 11 26
N 72 8 19 26
N 73 5 9 15 26
N 74 1 9 12 22
N 75 5 9 12 22
N 76 2 19 22
N 77 3 9 12 21
N 78 5 9 12 21
N 79 2 19 21
N 80 7 9 12 21
N 81 5 9 12 20
N 82 2 19 20
N 83 7 9 12 20
N 84 1 9 12 25
N 85 2 19 25
N 86 3 9 12 25
N 87 7 9 12 25
N 88 2 19 24
N 89 2 19 23
N 90 1 9 12 28
N 91 2 19 28
N 92 3 9 12 28
N 93 2 19 27
N 94 3 19 26
N 95 0 9 10 26
N 96 7 19 26
N 97 4 9 14 26
N 98 0 9 11 26
N 99 2 9 11 26
N 100 4 9 11 26
N 101 8 9 18 26
N 102 2 9 15 26
N 103 4 9 15 26
N 104 8 9 15 26
N 105 0 9 12 22
N 106 4 9 12 22
N 107 8 9 12 22
N 108 1 19 22
N 109 5 19 22
N 110 6 9 12 21
N 111 8 9 12 21
N 112 1 19 21
N 113 5 19 21
N 114 8 9 12 20
N 115 1 19 20
N 116 5 19 20
N 117 0 9 12 25
N 118 1 19 25
N 119 5 19 25
N 120 6 9 12 25
N 121 1 19 24
N 122 5 19 24
N 123 1 19 23
N 124 5 19 23
N 125 0 9 12 28
N 126 1 19 28
N 127 5 19 28
N 128 1 19 27
N 129 5 19 27
N 130 6 19 26
N 131 3 9 13 26
N 132 1 9 10 26
N 133 3 9 10 26
N 134 7 9 17 26
N 135 1 9 14 26
N 136 3 9 14 26
N 137 5 9 14 26
N 138 7 9 14 26
N 139 3 9 11 26
N 140 5 9 11 26
N 141 7 9 11 26
N 142 5 9 18 26
N 143 7 9 18 26
N 144 1 9 15 26
N 145 3 9 15 26
N 146 7 9 15 26
N 147 3 9 12 22
N 148 7 9 12 22
N 149 0 19 22
N 150 4 19 22
N 151 1 9 11 22
N 152 8 19 22
N 153 5 9 15 22
N 154 0 19 21
N 155 4 19 21
N 156 1 9 11 21
N 157 8 19 21
N 158 5 9 15 21
N 159 0 19 20
N 160 4 19 20
N 161 1 9 11 20
N 162 8 19 20
N 163 5 9 15 20
N 164 0 19 25
N 165 4 19 25
N 166 1 9 11 25
N 167 8 19 25
N 168 5 9 15 25
N 169 0 19 24
N 170 4 19 24
N 171 1 9 11 24
N 172 8 19 24
N 173 5 9 15 24
N 174 0 19 23
N 175 4 19 23
N 176 1 9 11 23
N 177 8 19 23
N 178 5 9 15 23
N 179 0 19 28
N 180 4 19 28
N 181 1 9 11 28
N 182 8 19 28
N 183 5 9 15 28
N 184 0 19 27
N 185 4 19 27
N 186 1 9 11 27
N 187 8 19 27
N 188 5 9 15 27
N 189 6 9 16 26
N 190 0 9 13 26
N 191 4 9 13 26
N 192 6 9 13 26
N 193 2 9 10 26
N 194 4 9 10 26
N 195 6 9 10 26
N 196 4 9 17 26
N 197 6 9 17 26
N 198 8 9 17 26
N 199 0 9 14 26
N 200 2 9 14 26
N 201 6 9 14 26
N 202 8 9 14 26
N 203 6 9 11 26
N 204 8 9 11 26
N 205 2 9 18 26
N 206 4 9 18 26
N 207 6 9 18 26
N 208 0 9 15 26
N 209 6 9 15 26
N 210 6 9 12 22
N 211 3 19 22
N 212 0 9 10 22
N 213 7 19 22
N 214 4 9 14 22
N 215 0 9 11 22
N 216 2 9 11 22
N 217 4 9 11 22
N 218 8 9 18 22
N 219 2 9 15 22
N 220 4 9 15 22
N 221 8 9 15 22
N 222 3 19 21
N 223 0 9 10 21
N 224 7 19 21
N 225 4 9 14 21
N 226 0 9 11 21
N 227 2 9 11 21
N 228 4 9 11 21
N 229 1 11 29
N 230 8 9 18 21
N 231 2 9 15 21
N 232 4 9 15 21
N 233 8 9 15 21
N 234 3 19 20
N 235 0 9 10 20
N 236 7 19 20
N 237 4 9 14 20
N 238 0 9 11 20
N 239 2 9 11 20
N 240 4 9 11 20
N 241 8 9 18 20
N 242 2 9 15 20
N 243 4 9 15 20
N 244 8 9 15 20
N 245 3 19 25
N 246 0 9 10 25
N 247 7 19 25
N 248 4 9 14 25
N 249 0 9 11 25
N 250 2 9 11 25
N 251 4 9 11 25
N 252 8 9 18 25
N 253 2 9 15 25
N 254 4 9 15 25
N 255 8 9 15 25
N 256 5 15 29
N 257 3 19 24
N 258 0 9 10 24
N 259 7 19 24
N 260 4 9 14 24
N 261 0 9 11 24
N 262 2 9 11 24
N 263 4 9 11 24
N 264 8 9 18 24
N 265 2 9 15 24
N 266 4 9 15 24
N 267 8 9 15 24
N 268 3 19 23
N 269 0 9 10 23
N 270 7 19 23
N 271 4 9 14 23
N 272 0 9 11 23
N 273 2 9 11 23
N 274 4 9 11 23
N 275 8 9 18 23
N 276 2 9 15 23
N 277 4 9 15 23
N 278 8 9 15 23
N 279 3 19 28
N 280 0 9 10 28
N 281 7 19 28
N 282 4 9 14 28
N 283 0 9 11 28
N 284 2 9 11 28
N 285 4 9 11 28
G 286 8 9 18 28
N 287 2 9 15 28
N 288 4 9 15 28
N 289 8 9 15 28
N 290 3 19 27
N 291 0 9 10 27
N 292 7 19 27
N 293 4 9 14 27
N 294 0 9 11 27
N 295 2 9 11 27
N 296 4 9 11 27
N 297 8 9 18 27
N 298 2 9 15 27
N 299 4 9 15 27
N 300 8 9 15 27
N 301 3 9 16 26
N 302 7 9 16 26
N 303 6 16 29
N 304 1 9 13 26
N 305 5 9 13 26
N 306 7 9 13 26
N 307 6 13 29
N 308 5 9 10 26
N 309 7 9 10 26
N 310 6 10 29
N 311 1 9 17 26
N 312 3 9 17 26
N 313 5 9 17 26
N 314 6 17 29
N 315 6 14 29
N 316 6 11 29
N 317 1 9 18 26
N 318 3 9 18 26
N 319 6 18 29
N 320 6 15 29
N 321 6 19 22
N 322 3 9 13 22
N 323 1 9 10 22
N 324 3 9 10 22
N 325 7 9 17 22
N 326 1 9 14 22
N 327 3 9 14 22
N 328 5 9 14 22
N 329 7 9 14 22
N 330 3 9 11 22
N 331 5 9 11 22
N 332 2 11 29
N 333 7 9 11 22
N 334 5 9 18 22
N 335 7 9 18 22
N 336 1 9 15 22
N 337 2 15 29
N 338 3 9 15 22
N 339 7 9 15 22
N 340 6 19 21
N 341 3 9 13 21
N 342 1 9 10 21
N 343 3 9 10 21
N 344 7 9 17 21
N 345 1 9 14 21
N 346 3 9 14 21
N 347 5 9 14 21
N 348 7 9 14 21
N 349 3 9 11 21
N 350 5 9 11 21
N 351 7 9 11 21
N 352 0 11 29
N 353 4 11 29
N 354 5 9 18 21
N 355 7 9 18 21
N 356 1 9 15 21
N 357 3 9 15 21
N 358 7 9 15 21
N 359 6 19 20
N 360 3 9 13 20
N 361 1 9 10 20
N 362 3 9 10 20
N 363 0 10 29
N 364 7 9 17 20
N 365 1 9 14 20
N 366 3 9 14 20
N 367 5 9 14 20
N 368 7 9 14 20
N 369 3 9 11 20
N 370 5 9 11 20
N 371 7 9 11 20
N 372 5 9 18 20
N 373 7 9 18 20
N 374 1 9 15 20
N 375 3 9 15 20
N 376 7 9 15 20
N 377 6 19 25
N 378 3 9 13 25
N 379 1 9 10 25
N 380 3 9 10 25
N 381 7 9 17 25
N 382 1 9 14 25
N 383 3 9 14 25
N 384 5 9 14 25
N 385 7 9 14 25
N 386 3 9 11 25
N 387 5 9 11 25
N 388 7 9 11 25
N 389 5 9 18 25
N 390 7 9 18 25
N 391 1 9 15 25
N 392 3 9 15 25
N 393 7 9 15 25
N 394 4 15 29
N 395 8 15 29
N 396 6 19 24
N 397 3 9 13 24
N 398 1 9 10 24
N 399 3 9 10 24
N 400 7 9 17 24
N 401 1 9 14 24
N 402 3 9 14 24
N 403 5 9 14 24
N 404 7 9 14 24
N 405 4 14 29
N 406 3 9 11 24
N 407 5 9 11 24
N 408 7 9 11 24
N 409 5 9 18 24
N 410 7 9 18 24
N 411 1 9 15 24
N 412 3 9 15 24
N 413 7 9 15 24
N 414 6 19 23
N 415 3 9 13 23
N 416 1 9 10 23
N 417 3 9 10 23
N 418 7 9 17 23
N 419 1 9 14 23
N 420 3 9 14 23
N 421 5 9 14 23
N 422 7 9 14 23
N 423 3 9 11 23
N 424 5 9 11 23
N 425 7 9 11 23
N 426 5 9 18 23
N 427 7 9 18 23
N 428 1 9 15 23
N 429 3 9 15 23
N 430 7 9 15 23
N 431 6 19 28
N 432 3 9 13 28
N 433 1 9 10 28
N 434 3 9 10 28
N 435 7 9 17 28
N 436 1 9 14 28
N 437 3 9 14 28
N 438 5 9 14 28
N 439 7 9 14 28
N 440 3 9 11 28
N 441 5 9 11 28
N 442 7 9 11 28
G 443 5 9 18 28
G 444 7 9 18 28
N 445 8 18 29
N 446 1 9 15 28
N 447 3 9 15 28
N 448 7 9 15 28
N 449 6 19 27
N 450 3 9 13 27
N 451 1 9 10 27
N 452 3 9 10 27
N 453 7 9 17 27
N 454 1 9 14 27
N 455 3 9 14 27
N 456 5 9 14 27
N 457 7 9 14 27
N 458 3 9 11 27
N 459 5 9 11 27
N 460 7 9 11 27
N 461 5 9 18 27
N 462 7 9 18 27
N 463 1 9 15 27
N 464 3 9 15 27
N 465 7 9 15 27
N 466 0 9 16 26
N 467 4 9 16 26
N 468 8 9 16 26
N 469 3 16 29
N 470 7 16 29
N 471 2 9 13 26
N 472 8 9 13 26
N 473 3 13 29
N 474 7 13 29
N 475 8 9 10 26
N 476 3 10 29
N 477 7 10 29
N 478 0 9 17 26
N 479 2 9 17 26
N 480 3 17 29
N 481 7 17 29
N 482 3 14 29
N 483 7 14 29
N 484 3 11 29
N 485 7 11 29
N 486 0 9 18 26
N 487 3 18 29
N 488 7 18 29
N 489 3 15 29
N 490 7 15 29
N 491 6 9 16 22
N 492 0 9 13 22
N 493 4 9 13 22
N 494 6 9 13 22
N 495 2 9 10 22
N 496 4 9 10 22
N 497 6 9 10 22
N 498 4 9 17 22
N 499 6 9 17 22
N 500 8 9 17 22
N 501 0 9 14 22
N 502 2 9 14 22
N 503 6 9 14 22
N 504 8 9 14 22
N 505 6 9 11 22
N 506 8 9 11 22
N 507 5 11 29
N 508 2 9 18 22
N 509 4 9 18 22
N 510 6 9 18 22
N 511 0 9 15 22
N 512 1 15 29
N 513 6 9 15 22
N 514 6 9 16 21
N 515 0 9 13 21
N 516 4 9 13 21
N 517 6 9 13 21
N 518 2 9 10 21
N 519 4 9 10 21
N 520 1 10 29
N 521 6 9 10 21
N 522 4 9 17 21
N 523 6 9 17 21
N 524 8 9 17 21
N 525 0 9 14 21
N 526 2 9 14 21
N 527 1 14 29
N 528 6 9 14 21
N 529 8 9 14 21
N 530 6 9 11 21
N 531 8 9 11 21
N 532 2 9 18 21
N 533 4 9 18 21
N 534 6 9 18 21
N 535 0 9 15 21
N 536 6 9 15 21
N 537 6 9 16 20
N 538 0 9 13 20
N 539 4 9 13 20
N 540 6 9 13 20
N 541 2 9 10 20
N 542 4 9 10 20
N 543 6 9 10 20
N 544 4 9 17 20
N 545 6 9 17 20
N 546 8 9 17 20
N 547 0 9 14 20
N 548 2 9 14 20
N 549 6 9 14 20
N 550 8 9 14 20
N 551 6 9 11 20
N 552 8 9 11 20
N 553 2 9 18 20
N 554 4 9 18 20
N 555 6 9 18 20
N 556 0 9 15 20
N 557 6 9 15 20
N 558 6 9 16 25
N 559 0 9 13 25
N 560 4 9 13 25
N 561 6 9 13 25
N 562 2 9 10 25
N 563 4 9 10 25
N 564 6 9 10 25
N 565 4 9 17 25
N 566 6 9 17 25
N 567 8 9 17 25
N 568 0 9 14 25
N 569 2 9 14 25
N 570 6 9 14 25
N 571 8 9 14 25
N 572 5 14 29
N 573 6 9 11 25
N 574 8 9 11 25
N 575 2 9 18 25
N 576 4 9 18 25
N 577 5 18 29
N 578 6 9 18 25
N 579 0 9 15 25
N 580 6 9 15 25
N 581 6 9 16 24
N 582 0 9 13 24
N 583 4 9 13 24
N 584 6 9 13 24
N 585 2 9 10 24
N 586 4 9 10 24
N 587 6 9 10 24
N 588 4 9 17 24
N 589 6 9 17 24
N 590 8 9 17 24
N 591 0 9 14 24
N 592 2 9 14 24
N 593 6 9 14 24
N 594 8 9 14 24
N 595 6 9 11 24
N 596 8 9 11 24
N 597 2 9 18 24
N 598 4 9 18 24
N 599 6 9 18 24
N 600 0 9 15 24
N 601 6 9 15 24
N 602 6 9 16 23
N 603 0 9 13 23
N 604 4 9 13 23
N 605 6 9 13 23
N 606 2 9 10 23
N 607 4 9 10 23
N 608 6 9 10 23
N 609 4 9 17 23
N 610 6 9 17 23
N 611 8 9 17 23
N 612 0 9 14 23
N 613 2 9 14 23
N 614 6 9 14 23
N 615 8 9 14 23
N 616 6 9 11 23
N 617 8 9 11 23
N 618 2 9 18 23
N 619 4 9 18 23
N 620 6 9 18 23
N 621 0 9 15 23
N 622 6 9 15 23
N 623 6 9 16 28
N 624 0 9 13 28
N 625 4 9 13 28
N 626 6 9 13 28
N 627 2 9 10 28
N 628 4 9 10 28
N 629 6 9 10 28
N 630 4 9 17 28
N 631 6 9 17 28
N 632 8 9 17 28
N 633 0 9 14 28
N 634 2 9 14 28
N 635 6 9 14 28
N 636 8 9 14 28
N 637 6 9 11 28
N 638 8 9 11 28
G 639 2 9 18 28
G 640 4 9 18 28
G 641 6 9 18 28
N 642 0 9 15 28
N 643 6 9 15 28
N 644 6 9 16 27
N 645 0 9 13 27
N 646 4 9 13 27
N 647 6 9 13 27
N 648 2 9 10 27
N 649 4 9 10 27
N 650 6 9 10 27
N 651 4 9 17 27
N 652 6 9 17 27
N 653 8 9 17 27
N 654 0 9 14 27
N 655 2 9 14 27
N 656 6 9 14 27
N 657 8 9 14 27
N 658 6 9 11 27
N 659 8 9 11 27
N 660 2 9 18 27
N 661 4 9 18 27
N 662 6 9 18 27
N 663 0 9 15 27
N 664 6 9 15 27
N 665 1 9 16 26
N 666 5 9 16 26
N 667 0 16 29
N 668 4 16 29
N 669 3 9 16 23
N 670 8 16 29
N 671 7 9 16 27
N 672 0 13 29
N 673 4 13 29
N 674 8 13 29
N 675 7 9 13 27
N 676 4 10 29
N 677 8 10 29
N 678 7 9 10 27
N 679 0 17 29
N 680 4 17 29
N 681 3 9 17 23
N 682 8 17 29
N 683 0 14 29
N 684 8 14 29
N 685 8 11 29
N 686 0 18 29
N 687 4 18 29
N 688 3 9 18 23
N 689 0 15 29
N 690 3 9 16 22
N 691 7 9 16 22
N 692 1 9 13 22
N 693 5 9 13 22
N 694 7 9 13 22
N 695 5 9 10 22
N 696 2 10 29
N 697 7 9 10 22
N 698 1 9 17 22
N 699 3 9 17 22
N 700 5 9 17 22
N 701 2 14 29
N 702 1 9 18 22
N 703 2 18 29
N 704 3 9 18 22
N 705 3 9 16 21
N 706 7 9 16 21
N 707 1 9 13 21
N 708 5 9 13 21
N 709 7 9 13 21
N 710 5 9 10 21
N 711 7 9 10 21
N 712 1 9 17 21
N 713 3 9 17 21
N 714 5 9 17 21
N 715 1 9 18 21
N 716 3 9 18 21
N 717 3 9 16 20
N 718 7 9 16 20
N 719 1 9 13 20
N 720 5 9 13 20
N 721 7 9 13 20
N 722 5 9 10 20
N 723 7 9 10 20
N 724 1 9 17 20
N 725 3 9 17 20
N 726 5 9 17 20
N 727 1 9 18 20
N 728 3 9 18 20
N 729 3 9 16 25
N 730 7 9 16 25
N 731 1 9 13 25
N 732 5 9 13 25
N 733 7 9 13 25
N 734 5 9 10 25
N 735 7 9 10 25
N 736 1 9 17 25
N 737 3 9 17 25
N 738 5 9 17 25
N 739 1 9 18 25
N 740 3 9 18 25
N 741 3 9 16 24
N 742 7 9 16 24
N 743 1 9 13 24
N 744 5 9 13 24
N 745 7 9 13 24
N 746 5 9 10 24
N 747 7 9 10 24
N 748 1 9 17 24
N 749 3 9 17 24
N 750 5 9 17 24
N 751 1 9 18 24
N 752 3 9 18 24
N 753 7 9 16 23
N 754 1 9 13 23
N 755 5 9 13 23
N 756 7 9 13 23
N 757 5 9 10 23
N 758 7 9 10 23
N 759 1 9 17 23
N 760 5 9 17 23
N 761 1 9 18 23
N 762 3 9 16 28
N 763 7 9 16 28
N 764 1 9 13 28
N 765 5 9 13 28
N 766 7 9 13 28
N 767 5 9 10 28
N 768 7 9 10 28
N 769 1 9 17 28
N 770 3 9 17 28
N 771 5 9 17 28
G 772 1 9 18 28
G 773 3 9 18 28
N 774 3 9 16 27
N 775 1 9 13 27
N 776 5 9 13 27
N 777 5 9 10 27
N 778 1 9 17 27
N 779 3 9 17 27
N 780 5 9 17 27
N 781 1 9 18 27
N 782 3 9 18 27
N 783 2 9 16 26
N 784 1 16 29
N 785 0 9 16 20
N 786 5 16 29
N 787 4 9 16 24
N 788 0 9 16 23
N 789 4 9 16 23
N 790 8 9 16 28
N 791 4 9 16 27
N 792 8 9 16 27
N 793 1 13 29
N 794 5 13 29
N 795 8 9 13 28
N 796 8 9 13 27
N 797 5 10 29
N 798 8 9 10 28
N 799 8 9 10 27
N 800 1 17 29
N 801 0 9 17 20
N 802 5 17 29
N 803 0 9 17 23
N 804 1 18 29
N 805 0 9 18 20
N 806 0 9 18 23
N 807 0 9 16 22
N 808 4 9 16 22
N 809 8 9 16 22
N 810 2 9 13 22
N 811 8 9 13 22
N 812 8 9 10 22
N 813 0 9 17 22
N 814 2 9 17 22
N 815 0 9 18 22
N 816 0 9 16 21
N 817 4 9 16 21
N 818 8 9 16 21
N 819 2 9 13 21
N 820 8 9 13 21
N 821 8 9 10 21
N 822 0 9 17 21
N 823 2 9 17 21
N 824 0 9 18 21
N 825 4 9 16 20
N 826 8 9 16 20
N 827 2 9 13 20
N 828 8 9 13 20
N 829 8 9 10 20
N 830 2 9 17 20
N 831 0 9 16 25
N 832 4 9 16 25
N 833 8 9 16 25
N 834 2 9 13 25
N 835 8 9 13 25
N 836 8 9 10 25
N 837 0 9 17 25
N 838 2 9 17 25
N 839 0 9 18 25
N 840 0 9 16 24
N 841 8 9 16 24
N 842 2 9 13 24
N 843 8 9 13 24
N 844 8 9 10 24
N 845 0 9 17 24
N 846 2 9 17 24
N 847 0 9 18 24
N 848 8 9 16 23
N 849 2 9 13 23
N 850 8 9 13 23
N 851 8 9 10 23
N 852 2 9 17 23
N 853 0 9 16 28
N 854 4 9 16 28
N 855 2 9 13 28
N 856 0 9 17 28
N 857 2 9 17 28
G 858 0 9 18 28
N 859 0 9 16 27
N 860 2 9 13 27
N 861 0 9 17 27
N 862 2 9 17 27
N 863 0 9 18 27
N 864 2 16 29
N 865 1 9 16 21
N 866 1 9 16 20
N 867 5 9 16 25
N 868 1 9 16 24
N 869 5 9 16 24
N 870 1 9 16 23
N 871 5 9 16 23
N 872 5 9 16 28
N 873 1 9 16 27
N 874 5 9 16 27
N 875 2 13 29
N 876 2 17 29
N 877 1 9 16 22
N 878 5 9 16 22
N 879 5 9 16 21
N 880 5 9 16 20
N 881 1 9 16 25
N 882 1 9 16 28
N 883 2 9 16 22
N 884 2 9 16 21
N 885 2 9 16 20
N 886 2 9 16 25
N 887 2 9 16 24
N 888 2 9 16 23
N 889 2 9 16 28
N 890 2 9 16 27
