0 1
0 2
0 3
1 4
1 5
1 0
2 5
2 0
2 6
3 7
3 8
3 0
4 9
4 1
5 9
5 1
5 10
5 2
6 10
6 2
7 11
7 12
7 3
7 13
8 12
8 3
8 14
8 15
9 4
9 16
9 5
10 16
10 5
10 6
11 17
11 7
11 18
12 17
12 7
12 19
12 8
12 20
13 21
13 22
13 23
13 7
14 19
14 8
14 24
15 25
15 26
15 27
15 8
16 9
16 10
16 28
17 11
17 29
17 12
17 30
18 31
18 32
18 11
19 29
19 12
19 14
19 33
20 34
20 35
20 36
20 37
20 12
21 38
21 13
22 38
22 13
22 39
22 40
23 13
23 40
24 41
24 42
24 14
25 43
25 44
25 45
25 15
26 44
26 15
27 45
27 15
28 46
28 47
28 16
29 17
29 19
29 48
30 49
30 50
30 51
30 17
31 18
31 52
31 53
32 18
32 53
32 54
33 55
33 56
33 57
33 19
34 58
34 59
34 20
35 58
35 20
35 60
36 59
36 20
36 61
37 20
37 60
37 61
38 21
38 62
38 22
39 62
39 22
39 63
40 22
40 23
40 63
41 64
41 65
41 24
42 65
42 66
42 24
43 67
43 68
43 25
44 67
44 25
44 26
45 68
45 25
45 27
46 69
46 28
46 70
46 71
47 28
47 70
47 72
47 73
48 74
48 75
48 76
48 29
49 30
49 77
50 30
50 78
50 79
51 30
51 77
51 78
51 80
52 31
52 81
52 82
53 31
53 32
53 81
53 83
54 32
54 83
55 84
55 33
55 85
56 84
56 86
56 33
56 87
57 33
57 87
58 34
58 35
59 34
59 36
59 88
60 35
60 37
61 36
61 37
62 38
62 39
62 89
63 39
63 40
64 90
64 41
64 91
65 90
65 92
65 41
65 42
66 92
66 42
67 43
67 44
68 43
68 45
68 93
69 46
69 94
69 95
70 46
70 94
70 47
70 96
70 97
71 98
71 99
71 100
71 46
72 47
72 96
72 101
73 102
73 103
73 104
73 47
74 105
74 48
74 106
75 48
75 106
75 107
76 108
76 109
76 48
77 49
77 51
77 110
78 50
78 51
78 111
79 112
79 113
79 50
80 51
80 110
80 111
81 52
81 53
81 114
82 115
82 116
82 52
83 53
83 54
83 114
84 117
84 55
84 56
85 118
85 119
85 55
86 117
86 56
86 120
87 56
87 120
87 57
88 121
88 122
88 59
89 123
89 124
89 62
90 125
90 64
90 65
91 126
91 127
91 64
92 125
92 65
92 66
93 128
93 129
93 68
94 69
94 70
94 130
94 131
95 132
95 133
95 69
96 70
96 130
96 72
96 134
97 135
97 136
97 137
97 138
97 70
98 71
98 139
99 71
99 140
100 71
100 139
100 140
100 141
101 142
101 143
101 72
102 144
102 73
103 144
103 145
103 73
103 146
104 73
104 146
105 74
105 147
106 74
106 147
106 75
106 148
107 75
107 148
108 149
108 76
108 150
108 151
109 76
109 150
109 152
109 153
110 77
110 80
111 78
111 80
112 154
112 79
112 155
112 156
113 79
113 155
113 157
113 158
114 81
114 83
115 159
115 82
115 160
115 161
116 82
116 160
116 162
116 163
117 84
117 86
118 164
118 85
118 165
118 166
119 85
119 165
119 167
119 168
120 86
120 87
121 169
121 88
121 170
121 171
122 88
122 170
122 172
122 173
123 174
123 89
123 175
123 176
124 89
124 175
124 177
124 178
125 90
125 92
126 179
126 91
126 180
126 181
127 91
127 180
127 182
127 183
128 184
128 93
128 185
128 186
129 93
129 185
129 187
129 188
130 94
130 96
130 189
131 190
131 191
131 192
131 94
132 95
132 193
132 194
133 95
133 194
133 195
134 196
134 197
134 198
134 96
135 199
135 200
135 97
136 199
136 97
136 201
137 200
137 97
137 202
138 97
138 201
138 202
139 98
139 100
139 203
140 99
140 100
140 204
141 100
141 203
141 204
142 205
142 206
142 101
143 206
143 207
143 101
144 208
144 102
144 103
145 208
145 103
145 209
146 103
146 209
146 104
147 105
147 106
147 210
148 106
148 210
148 107
149 108
149 211
149 212
150 108
150 211
150 109
150 213
150 214
151 215
151 216
151 217
151 108
152 109
152 213
152 218
153 219
153 220
153 221
153 109
154 112
154 222
154 223
155 112
155 222
155 113
155 224
155 225
156 226
156 227
156 228
156 112
156 229
157 113
157 224
157 230
158 231
158 232
158 233
158 113
159 115
159 234
159 235
160 115
160 234
160 116
160 236
160 237
161 238
161 239
161 240
161 115
162 116
162 236
162 241
163 242
163 243
163 244
163 116
164 118
164 245
164 246
165 118
165 245
165 119
165 247
165 248
166 249
166 250
166 251
166 118
167 119
167 247
167 252
168 253
168 254
168 255
168 119
168 256
169 121
169 257
169 258
170 121
170 257
170 122
170 259
170 260
171 261
171 262
171 263
171 121
172 122
172 259
172 264
173 265
173 266
173 267
173 122
174 123
174 268
174 269
175 123
175 268
175 124
175 270
175 271
176 272
176 273
176 274
176 123
177 124
177 270
177 275
178 276
178 277
178 278
178 124
179 126
179 279
179 280
180 126
180 279
180 127
180 281
180 282
181 283
181 284
181 285
181 126
182 127
182 281
182 286
183 287
183 288
183 289
183 127
184 128
184 290
184 291
185 128
185 290
185 129
185 292
185 293
186 294
186 295
186 296
186 128
187 129
187 292
187 297
188 298
188 299
188 300
188 129
189 301
189 302
189 130
189 303
190 304
190 131
191 304
191 131
191 305
191 306
192 131
192 306
192 307
193 132
193 308
194 132
194 133
194 308
194 309
195 133
195 309
195 310
196 311
196 312
196 313
196 134
197 312
197 134
197 314
198 313
198 134
199 135
199 136
200 135
200 137
201 136
201 138
201 315
202 137
202 138
203 139
203 141
203 316
204 140
204 141
205 317
205 142
206 317
206 318
206 142
206 143
207 318
207 143
207 319
208 144
208 145
209 145
209 146
209 320
210 147
210 148
211 149
211 150
211 321
211 322
212 323
212 324
212 149
213 150
213 321
213 152
213 325
214 326
214 327
214 328
214 329
214 150
215 151
215 330
216 151
216 331
216 332
217 151
217 330
217 331
217 333
218 334
218 335
218 152
219 336
219 153
219 337
220 336
220 338
220 153
220 339
221 153
221 339
222 154
222 155
222 340
222 341
223 342
223 343
223 154
224 155
224 340
224 157
224 344
225 345
225 346
225 347
225 348
225 155
226 156
226 349
227 156
227 350
228 156
228 349
228 350
228 351
229 352
229 332
229 353
229 156
230 354
230 355
230 157
231 356
231 158
232 356
232 357
232 158
232 358
233 158
233 358
234 159
234 160
234 359
234 360
235 361
235 362
235 159
235 363
236 160
236 359
236 162
236 364
237 365
237 366
237 367
237 368
237 160
238 161
238 369
238 352
239 161
239 370
240 161
240 369
240 370
240 371
241 372
241 373
241 162
242 374
242 163
243 374
243 375
243 163
243 376
244 163
244 376
245 164
245 165
245 377
245 378
246 379
246 380
246 164
247 165
247 377
247 167
247 381
248 382
248 383
248 384
248 385
248 165
249 166
249 386
250 166
250 387
251 166
251 386
251 387
251 388
252 389
252 390
252 167
253 391
253 168
254 391
254 392
254 168
254 393
255 168
255 393
256 337
256 394
256 395
256 168
257 169
257 170
257 396
257 397
258 398
258 399
258 169
259 170
259 396
259 172
259 400
260 401
260 402
260 403
260 404
260 170
260 405
261 171
261 406
262 171
262 407
263 171
263 406
263 407
263 408
263 353
264 409
264 410
264 172
265 411
265 173
266 411
266 412
266 173
266 413
266 394
267 173
267 413
268 174
268 175
268 414
268 415
269 416
269 417
269 174
270 175
270 414
270 177
270 418
271 419
271 420
271 421
271 422
271 175
272 176
272 423
273 176
273 424
274 176
274 423
274 424
274 425
275 426
275 427
275 177
276 428
276 178
277 428
277 429
277 178
277 430
278 178
278 430
279 179
279 180
279 431
279 432
280 433
280 434
280 179
281 180
281 431
281 182
281 435
282 436
282 437
282 438
282 439
282 180
283 181
283 440
284 181
284 441
285 181
285 440
285 441
285 442
286 443
286 444
286 182
286 445
287 446
287 183
288 446
288 447
288 183
288 448
289 183
289 448
289 395
290 184
290 185
290 449
290 450
291 451
291 452
291 184
292 185
292 449
292 187
292 453
293 454
293 455
293 456
293 457
293 185
294 186
294 458
295 186
295 459
296 186
296 458
296 459
296 460
297 461
297 462
297 187
298 463
298 188
299 463
299 464
299 188
299 465
300 188
300 465
301 466
301 467
301 189
302 467
302 189
302 468
303 469
303 470
303 189
304 190
304 471
304 191
305 471
305 191
305 472
306 191
306 192
306 472
307 473
307 474
307 192
308 193
308 194
308 475
309 194
309 195
309 475
310 476
310 477
310 195
311 478
311 479
311 196
312 478
312 196
312 197
313 479
313 196
313 198
314 480
314 481
314 197
315 482
315 483
315 201
316 484
316 485
316 203
317 486
317 205
317 206
318 486
318 206
318 207
319 487
319 488
319 207
320 489
320 490
320 209
321 211
321 213
321 491
322 492
322 493
322 494
322 211
323 212
323 495
323 496
324 212
324 496
324 497
325 498
325 499
325 500
325 213
326 501
326 502
326 214
327 501
327 214
327 503
328 502
328 214
328 504
329 214
329 503
329 504
330 215
330 217
330 505
331 216
331 217
331 506
332 229
332 507
332 216
333 217
333 505
333 506
334 508
334 509
334 218
335 509
335 510
335 218
336 511
336 219
336 220
337 512
337 256
337 219
338 511
338 220
338 513
339 220
339 513
339 221
340 222
340 224
340 514
341 515
341 516
341 517
341 222
342 223
342 518
342 519
342 520
343 223
343 519
343 521
344 522
344 523
344 524
344 224
345 525
345 526
345 225
345 527
346 525
346 225
346 528
347 526
347 225
347 529
348 225
348 528
348 529
349 226
349 228
349 530
350 227
350 228
350 531
351 228
351 530
351 531
352 229
352 484
352 238
353 229
353 484
353 507
353 485
353 263
354 532
354 533
354 230
355 533
355 534
355 230
356 535
356 231
356 232
356 512
357 535
357 232
357 536
358 232
358 536
358 233
359 234
359 236
359 537
360 538
360 539
360 540
360 234
361 235
361 541
361 542
362 235
362 542
362 543
363 520
363 476
363 235
364 544
364 545
364 546
364 236
365 547
365 548
365 237
366 547
366 237
366 549
367 548
367 237
367 550
368 237
368 549
368 550
369 238
369 240
369 551
370 239
370 240
370 552
371 240
371 551
371 552
372 553
372 554
372 241
373 554
373 555
373 241
374 556
374 242
374 243
375 556
375 243
375 557
376 243
376 557
376 244
377 245
377 247
377 558
378 559
378 560
378 561
378 245
379 246
379 562
379 563
380 246
380 563
380 564
381 565
381 566
381 567
381 247
382 568
382 569
382 248
383 568
383 248
383 570
384 569
384 248
384 571
384 572
385 248
385 570
385 571
386 249
386 251
386 573
387 250
387 251
387 574
387 507
388 251
388 573
388 574
389 575
389 576
389 252
389 577
390 576
390 578
390 252
391 579
391 253
391 254
392 579
392 254
392 580
393 254
393 580
393 255
394 512
394 489
394 256
394 490
394 266
395 256
395 490
395 289
396 257
396 259
396 581
397 582
397 583
397 584
397 257
398 258
398 585
398 586
399 258
399 586
399 587
400 588
400 589
400 590
400 259
401 591
401 592
401 260
402 591
402 260
402 593
403 592
403 260
403 594
404 260
404 593
404 594
405 527
405 482
405 572
405 483
405 260
406 261
406 263
406 595
407 262
407 263
407 596
408 263
408 595
408 596
409 597
409 598
409 264
410 598
410 599
410 264
411 600
411 265
411 266
412 600
412 266
412 601
413 266
413 601
413 267
414 268
414 270
414 602
415 603
415 604
415 605
415 268
415 473
416 269
416 606
416 607
417 269
417 607
417 608
417 476
418 609
418 610
418 611
418 270
419 612
419 613
419 271
420 612
420 271
420 614
420 482
421 613
421 271
421 615
422 271
422 614
422 615
423 272
423 274
423 616
423 484
424 273
424 274
424 617
425 274
425 616
425 617
426 618
426 619
426 275
427 619
427 620
427 275
428 621
428 276
428 277
429 621
429 277
429 622
429 489
430 277
430 622
430 278
431 279
431 281
431 623
432 624
432 625
432 626
432 279
433 280
433 627
433 628
434 280
434 628
434 629
435 630
435 631
435 632
435 281
436 633
436 634
436 282
437 633
437 282
437 635
438 634
438 282
438 636
439 282
439 635
439 636
440 283
440 285
440 637
441 284
441 285
441 638
442 285
442 637
442 638
443 639
443 640
443 286
444 640
444 641
444 286
445 577
445 488
445 286
446 642
446 287
446 288
447 642
447 288
447 643
448 288
448 643
448 289
449 290
449 292
449 644
450 645
450 646
450 647
450 290
451 291
451 648
451 649
452 291
452 649
452 650
453 651
453 652
453 653
453 292
453 481
454 654
454 655
454 293
455 654
455 293
455 656
456 655
456 293
456 657
457 293
457 656
457 657
457 483
458 294
458 296
458 658
459 295
459 296
459 659
460 296
460 658
460 659
460 485
461 660
461 661
461 297
462 661
462 662
462 297
462 488
463 663
463 298
463 299
464 663
464 299
464 664
465 299
465 664
465 300
465 490
466 665
466 301
467 665
467 301
467 666
467 302
468 666
468 302
469 667
469 668
469 303
469 669
470 668
470 303
470 670
470 671
471 304
471 305
472 305
472 306
473 672
473 673
473 307
473 415
474 673
474 307
474 674
474 675
475 308
475 309
476 363
476 676
476 310
476 417
477 676
477 310
477 677
477 678
478 311
478 312
479 311
479 313
480 679
480 680
480 314
480 681
481 680
481 314
481 682
481 453
482 683
482 405
482 315
482 420
483 405
483 315
483 684
483 457
484 352
484 353
484 316
484 423
485 353
485 316
485 685
485 460
486 317
486 318
487 686
487 687
487 319
487 688
488 687
488 319
488 445
488 462
489 689
489 394
489 320
489 429
490 394
490 320
490 395
490 465
491 690
491 691
491 321
492 692
492 322
493 692
493 322
493 693
493 694
494 322
494 694
495 323
495 695
495 696
496 323
496 324
496 695
496 697
497 324
497 697
498 698
498 699
498 700
498 325
499 699
499 325
500 700
500 325
501 326
501 327
502 326
502 328
502 701
503 327
503 329
504 328
504 329
505 330
505 333
506 331
506 333
507 332
507 353
507 685
507 387
508 702
508 334
508 703
509 702
509 704
509 334
509 335
510 704
510 335
511 336
511 338
512 689
512 337
512 394
512 356
513 338
513 339
514 705
514 706
514 340
515 707
515 341
516 707
516 341
516 708
516 709
517 341
517 709
518 342
518 710
519 342
519 343
519 710
519 711
520 363
520 696
520 676
520 342
521 343
521 711
522 712
522 713
522 714
522 344
523 713
523 344
524 714
524 344
525 345
525 346
526 345
526 347
527 683
527 701
527 405
527 345
528 346
528 348
529 347
529 348
530 349
530 351
531 350
531 351
532 715
532 354
533 715
533 716
533 354
533 355
534 716
534 355
535 356
535 357
536 357
536 358
537 717
537 718
537 359
538 719
538 360
538 672
539 719
539 360
539 720
539 721
540 360
540 721
541 361
541 722
542 361
542 362
542 722
542 723
543 362
543 723
544 724
544 725
544 726
544 364
545 725
545 364
546 726
546 364
547 365
547 366
547 683
548 365
548 367
549 366
549 368
550 367
550 368
551 369
551 371
552 370
552 371
553 727
553 372
554 727
554 728
554 372
554 373
555 728
555 373
556 374
556 375
556 689
557 375
557 376
558 729
558 730
558 377
559 731
559 378
560 731
560 378
560 732
560 733
561 378
561 733
562 379
562 734
563 379
563 380
563 734
563 735
564 380
564 735
565 736
565 737
565 738
565 381
566 737
566 381
567 738
567 381
568 382
568 383
569 382
569 384
570 383
570 385
571 384
571 385
572 701
572 405
572 684
572 384
573 386
573 388
574 387
574 388
575 739
575 389
576 739
576 740
576 389
576 390
577 703
577 687
577 445
577 389
578 740
578 390
579 391
579 392
580 392
580 393
581 741
581 742
581 396
582 743
582 397
583 743
583 397
583 744
583 745
583 673
584 397
584 745
585 398
585 746
586 398
586 399
586 746
586 747
586 676
587 399
587 747
588 748
588 749
588 750
588 400
588 680
589 749
589 400
590 750
590 400
591 401
591 402
592 401
592 403
593 402
593 404
594 403
594 404
595 406
595 408
596 407
596 408
597 751
597 409
598 751
598 752
598 409
598 410
598 687
599 752
599 410
600 411
600 412
601 412
601 413
602 669
602 753
602 414
603 754
603 415
604 754
604 415
604 755
604 756
605 415
605 756
606 416
606 757
607 416
607 417
607 757
607 758
608 417
608 758
609 759
609 681
609 760
609 418
610 681
610 418
611 760
611 418
612 419
612 420
613 419
613 421
614 420
614 422
615 421
615 422
616 423
616 425
617 424
617 425
618 761
618 426
619 761
619 688
619 426
619 427
620 688
620 427
621 428
621 429
622 429
622 430
623 762
623 763
623 431
624 764
624 432
625 764
625 432
625 765
625 766
626 432
626 766
627 433
627 767
628 433
628 434
628 767
628 768
629 434
629 768
630 769
630 770
630 771
630 435
631 770
631 435
632 771
632 435
632 682
633 436
633 437
634 436
634 438
635 437
635 439
636 438
636 439
636 684
637 440
637 442
638 441
638 442
638 685
639 772
639 443
640 772
640 773
640 443
640 444
641 773
641 444
642 446
642 447
643 447
643 448
644 774
644 671
644 449
645 775
645 450
646 775
646 450
646 776
646 675
647 450
647 675
648 451
648 777
649 451
649 452
649 777
649 678
650 452
650 678
651 778
651 779
651 780
651 453
652 779
652 453
653 780
653 453
654 454
654 455
655 454
655 456
656 455
656 457
657 456
657 457
658 458
658 460
659 459
659 460
660 781
660 461
661 781
661 782
661 461
661 462
662 782
662 462
663 463
663 464
664 464
664 465
665 466
665 783
665 467
666 783
666 467
666 468
667 784
667 469
667 785
668 784
668 469
668 786
668 470
668 787
669 788
669 789
669 602
669 469
670 786
670 470
670 790
671 791
671 644
671 792
671 470
672 793
672 473
672 538
673 793
673 473
673 794
673 474
673 583
674 794
674 474
674 795
675 646
675 647
675 796
675 474
676 520
676 476
676 797
676 477
676 586
677 797
677 477
677 798
678 649
678 650
678 799
678 477
679 800
679 480
679 801
680 800
680 480
680 802
680 481
680 588
681 803
681 609
681 610
681 480
682 802
682 481
682 632
683 527
683 482
683 547
684 572
684 483
684 636
685 507
685 485
685 638
686 804
686 487
686 805
687 804
687 487
687 577
687 488
687 598
688 806
688 619
688 620
688 487
689 512
689 489
689 556
690 807
690 808
690 491
691 808
691 491
691 809
692 492
692 810
692 493
693 810
693 493
693 811
694 493
694 494
694 811
695 495
695 496
695 812
696 520
696 797
696 495
697 496
697 497
697 812
698 813
698 814
698 498
699 813
699 498
699 499
700 814
700 498
700 500
701 527
701 572
701 502
702 815
702 508
702 509
703 804
703 577
703 508
704 815
704 509
704 510
705 816
705 817
705 514
706 817
706 514
706 818
707 515
707 819
707 516
707 793
708 819
708 516
708 820
709 516
709 517
709 820
710 518
710 519
710 821
711 519
711 521
711 821
712 822
712 823
712 522
712 800
713 822
713 522
713 523
714 823
714 522
714 524
715 824
715 532
715 533
715 804
716 824
716 533
716 534
717 785
717 825
717 537
718 825
718 537
718 826
719 538
719 827
719 539
720 827
720 539
720 828
721 539
721 540
721 828
722 541
722 542
722 829
723 542
723 543
723 829
724 801
724 830
724 544
725 801
725 544
725 545
726 830
726 544
726 546
727 805
727 553
727 554
728 805
728 554
728 555
729 831
729 832
729 558
730 832
730 558
730 833
731 559
731 834
731 560
732 834
732 560
732 835
732 794
733 560
733 561
733 835
734 562
734 563
734 836
734 797
735 563
735 564
735 836
736 837
736 838
736 565
737 837
737 565
737 566
738 838
738 565
738 567
738 802
739 839
739 575
739 576
740 839
740 576
740 578
741 840
741 787
741 581
742 787
742 581
742 841
743 582
743 842
743 583
744 842
744 583
744 843
745 583
745 584
745 843
746 585
746 586
746 844
747 586
747 587
747 844
748 845
748 846
748 588
749 845
749 588
749 589
750 846
750 588
750 590
751 847
751 597
751 598
752 847
752 598
752 599
753 789
753 602
753 848
754 603
754 849
754 604
755 849
755 604
755 850
756 604
756 605
756 850
757 606
757 607
757 851
758 607
758 608
758 851
759 803
759 852
759 609
760 852
760 609
760 611
761 806
761 618
761 619
762 853
762 854
762 623
763 854
763 623
763 790
764 624
764 855
764 625
765 855
765 625
765 795
766 625
766 626
766 795
767 627
767 628
767 798
768 628
768 629
768 798
769 856
769 857
769 630
770 856
770 630
770 631
771 857
771 630
771 632
772 858
772 639
772 640
773 858
773 640
773 641
774 859
774 791
774 644
775 645
775 860
775 646
776 860
776 646
776 796
777 648
777 649
777 799
778 861
778 862
778 651
779 861
779 651
779 652
780 862
780 651
780 653
781 863
781 660
781 661
782 863
782 661
782 662
783 665
783 666
784 667
784 864
784 668
784 865
785 866
785 717
785 667
786 864
786 668
786 670
786 867
787 868
787 741
787 869
787 742
787 668
788 870
788 669
789 870
789 669
789 871
789 753
790 872
790 763
790 670
791 873
791 774
791 874
791 671
792 874
792 671
793 672
793 875
793 673
793 707
794 875
794 673
794 674
794 732
795 765
795 766
795 674
796 776
796 675
797 696
797 676
797 677
797 734
798 767
798 768
798 677
799 777
799 678
800 679
800 876
800 680
800 712
801 724
801 725
801 679
802 876
802 680
802 682
802 738
803 759
803 681
804 686
804 703
804 687
804 715
805 727
805 728
805 686
806 761
806 688
807 877
807 690
808 877
808 690
808 878
808 691
809 878
809 691
810 692
810 693
810 875
811 693
811 694
812 695
812 697
813 698
813 699
814 698
814 700
814 876
815 702
815 704
816 865
816 705
817 865
817 705
817 879
817 706
818 879
818 706
819 707
819 708
820 708
820 709
821 710
821 711
822 712
822 713
823 712
823 714
824 715
824 716
825 866
825 717
825 880
825 718
826 880
826 718
827 719
827 720
828 720
828 721
829 722
829 723
830 724
830 726
831 881
831 729
832 881
832 729
832 867
832 730
833 867
833 730
834 731
834 732
835 732
835 733
836 734
836 735
837 736
837 737
838 736
838 738
839 739
839 740
840 868
840 741
841 869
841 742
842 743
842 744
843 744
843 745
844 746
844 747
845 748
845 749
846 748
846 750
847 751
847 752
848 871
848 753
849 754
849 755
850 755
850 756
851 757
851 758
852 759
852 760
853 882
853 762
854 882
854 762
854 872
854 763
855 764
855 765
856 769
856 770
857 769
857 771
858 772
858 773
859 873
859 774
860 775
860 776
861 778
861 779
862 778
862 780
863 781
863 782
864 784
864 786
864 883
865 816
865 884
865 817
865 784
866 785
866 885
866 825
867 886
867 832
867 833
867 786
868 840
868 887
868 787
869 887
869 787
869 841
870 788
870 888
870 789
871 888
871 789
871 848
872 889
872 854
872 790
873 859
873 890
873 791
874 890
874 791
874 792
875 793
875 794
875 810
876 800
876 802
876 814
877 807
877 883
877 808
878 883
878 808
878 809
879 884
879 817
879 818
880 885
880 825
880 826
881 831
881 886
881 832
882 853
882 889
882 854
883 877
883 878
883 864
884 865
884 879
885 866
885 880
886 881
886 867
887 868
887 869
888 870
888 871
889 882
889 872
890 873
890 874
