G 0 2 8 12 19 23 24
N 1 0 8 12 19 21
G 2 4 8 12 19 21 23 24
G 3 4 8 10 19 20 24
G 4 4 8 14 19 20 21 23 24
N 5 4 8 11 19 20 21 23
N 6 0 8 14 19 20 21
G 7 4 5 14 19 21 22 24
N 8 4 5 11 19 21 22
G 9 1 8 14 19 21 23 24
G 10 2 8 14 19 20 23 24
G 11 4 9 14 19 20 21 22 23 24
G 12 4 7 14 19 20 22 23 24
N 13 4 6 14 19 20 21 22 23
N 14 4 9 11 19 20 21 22 23
N 15 4 7 11 19 20 22 23
G 16 1 8 10 19 24
G 17 2 5 14 19 22 24
N 18 0 9 14 19 20 21 22
G 19 4 9 10 19 20 22 24
G 20 4 9 14 15 20 21 24
N 21 0 7 14 19 20 22
G 22 4 7 14 15 20 24
N 23 4 6 10 19 20 22
N 24 4 6 14 15 20 21
N 25 4 9 11 15 20 21
N 26 4 7 11 15 20
N 27 1 8 11 19 21 23
G 28 2 9 14 19 20 22 23 24
N 29 2 6 14 19 20 22 23
G 30 1 9 14 19 21 22 23 24
G 31 3 9 14 19 20 21 23 24
G 32 4 9 12 19 21 22 23 24
G 33 4 9 13 19 20 21 23 24
G 34 4 9 14 17 21 22 23 24
G 35 4 9 14 18 20 22 23 24
N 36 4 9 14 16 20 21 22 23
G 37 1 7 14 19 22 23 24
G 38 3 7 14 19 20 23 24
G 39 4 7 14 17 22 23 24
N 40 4 7 14 16 20 22 23
N 41 4 6 12 19 21 22 23
N 42 4 6 13 19 20 21 23
N 43 4 6 14 17 21 22 23
N 44 4 6 14 18 20 22 23
N 45 4 9 11 17 21 22 23
N 46 4 9 11 18 20 22 23
N 47 4 7 11 17 22 23
G 48 2 9 14 15 20 24
N 49 2 6 14 15 20
G 50 1 9 10 19 22 24
G 51 1 9 14 15 21 24
G 52 3 5 14 19 21 24
G 53 3 9 10 19 20 24
N 54 0 9 12 19 21 22
G 55 4 9 12 15 21 24
N 56 0 9 13 19 20 21
G 57 4 5 13 19 21 24
N 58 0 9 14 17 21 22
G 59 4 9 10 17 22 24
N 60 0 9 14 18 20 22
G 61 4 5 14 18 22 24
N 62 4 5 14 16 21 22
N 63 4 9 10 16 20 22
G 64 1 7 14 15 24
N 65 0 7 14 17 22
N 66 4 6 12 15 21
N 67 4 6 10 17 22
N 68 4 5 11 18 22
G 69 2 9 14 17 22 23 24
N 70 2 9 14 16 20 22 23
N 71 2 6 14 17 22 23
G 72 1 9 13 19 21 23 24
N 73 1 9 11 19 21 22 23
G 74 1 9 14 18 22 23 24
N 75 1 9 14 16 21 22 23
N 76 3 6 14 19 20 21 23
G 77 3 9 12 19 21 23 24
N 78 3 9 11 19 20 21 23
G 79 2 9 12 19 22 23 24
G 80 4 9 12 18 22 23 24
N 81 4 9 12 16 21 22 23
G 82 2 9 13 19 20 23 24
G 83 4 7 13 19 20 23 24
G 84 3 9 14 17 21 23 24
G 85 4 9 13 17 21 23 24
G 86 3 9 14 18 20 23 24
G 87 4 8 14 18 20 23 24
N 88 4 8 14 16 20 21 23
N 89 4 9 13 16 20 21 23
N 90 1 7 14 16 22 23
G 91 3 7 14 17 23 24
N 92 4 6 12 18 22 23
N 93 4 6 13 17 21 23
N 94 4 8 11 18 20 23
N 95 2 5 14 16 22
N 96 1 9 11 15 21
N 97 1 9 10 16 22
N 98 3 6 10 19 20
N 99 3 5 11 19 21
G 100 2 9 12 15 24
N 101 0 9 12 18 22
G 102 2 5 13 19 24
N 103 0 7 13 19 20
G 104 3 9 10 17 24
N 105 0 9 13 17 21
G 106 3 5 14 18 24
N 107 0 8 14 18 20
N 108 4 8 10 16 20
N 109 4 5 13 16 21
N 110 2 8 14 16 20 23
N 111 1 9 11 18 22 23
N 112 1 9 13 16 21 23
N 113 3 6 12 19 21 23
N 114 3 7 11 19 20 23
N 115 2 9 12 16 22 23
G 116 3 9 12 18 23 24
N 117 2 6 13 19 20 23
G 118 1 7 13 19 23 24
N 119 3 9 11 17 21 23
G 120 2 9 13 17 23 24
N 121 3 6 14 18 20 23
G 122 1 8 14 18 23 24
N 123 4 8 12 16 21 23
N 124 4 7 13 16 20 23
