N 0 3 9 11 15 16 18 24
N 1 0 9 11 16 17 24
N 2 3 5 11 15 24
N 3 4 9 11 15 16 17 18 24
N 4 2 9 11 15 17 18 24
N 5 3 7 11 16 18 24
N 6 4 5 11 15 17 24
N 7 4 9 10 15 16 19 24
N 8 2 9 10 15 19 24
N 9 4 7 11 16 17 18 24
N 10 4 8 11 15 16 18 24
N 11 4 9 14 15 16 17 18 19 24
N 12 4 9 12 16 17 18 19 24
N 13 4 9 13 15 17 18 19 24
N 14 2 9 14 15 17 18 19 24
N 15 2 9 12 17 18 19 24
N 16 4 7 10 16 19 24
N 17 0 8 11 16 24
N 18 0 9 14 16 17 19 24
N 19 4 5 14 15 17 19 24
N 20 4 9 14 15 16 17 20
N 21 4 5 12 17 19 24
N 22 4 9 12 16 17 20
N 23 0 9 13 17 19 24
N 24 4 9 13 15 17 20
N 25 2 9 14 15 17 20
N 26 2 9 12 17 20
N 27 4 7 14 16 17 18 19 24
N 28 4 7 13 17 18 19 24
N 29 2 8 11 15 18 24
N 30 3 9 14 15 16 18 19 24
N 31 1 9 14 15 16 17 18 24
N 32 4 8 14 15 16 18 19 24
N 33 4 6 14 15 16 17 18 24
G 34 4 9 14 16 17 18 19 21
N 35 4 9 14 15 17 18 19 22
N 36 4 9 14 15 16 18 19 23
N 37 4 8 12 16 18 19 24
N 38 4 6 12 16 17 18 24
N 39 4 9 12 17 18 19 22
N 40 4 9 12 16 18 19 23
N 41 3 9 13 15 18 19 24
N 42 1 9 13 15 17 18 24
G 43 4 9 13 17 18 19 21
N 44 4 9 13 15 18 19 23
G 45 2 9 14 17 18 19 21
N 46 2 9 14 15 18 19 23
N 47 2 9 12 18 19 23
N 48 4 7 14 16 17 20
N 49 4 7 13 17 20
N 50 3 5 14 15 19 24
N 51 3 9 14 15 16 20
N 52 1 5 14 15 17 24
N 53 1 9 10 15 16 24
N 54 0 8 14 16 19 24
N 55 4 8 14 15 16 20
N 56 0 6 14 16 17 24
N 57 4 6 10 15 16 24
G 58 4 5 14 17 19 21
G 59 4 9 10 16 19 21
N 60 0 9 14 17 19 22
N 61 4 9 10 15 19 22
N 62 0 9 14 16 19 23
N 63 4 5 14 15 19 23
N 64 4 8 12 16 20
N 65 4 5 12 19 23
N 66 3 9 13 15 20
N 67 0 9 13 19 23
G 68 2 9 10 19 21
N 69 4 7 14 17 18 19 22
N 70 4 7 14 16 18 19 23
N 71 4 7 13 18 19 23
N 72 3 7 14 16 18 19 24
N 73 3 6 14 15 16 18 24
G 74 3 9 14 16 18 19 21
N 75 3 9 14 15 18 19 22
N 76 1 7 14 16 17 18 24
N 77 1 8 14 15 16 18 24
N 78 1 9 12 16 17 18 24
N 79 2 8 14 15 18 19 24
G 80 4 8 14 16 18 19 21
N 81 4 8 14 15 18 19 22
N 82 2 6 14 15 17 18 24
N 83 4 6 13 15 17 18 24
G 84 4 6 14 16 17 18 21
G 85 4 9 11 16 17 18 21
N 86 1 9 14 15 17 18 22
N 87 4 9 11 15 17 18 22
N 88 1 9 14 15 16 18 23
N 89 4 6 14 15 16 18 23
N 90 4 8 12 18 19 22
N 91 4 6 12 16 18 23
G 92 3 9 13 18 19 21
N 93 1 9 13 15 18 23
G 94 2 9 11 17 18 21
N 95 4 7 10 19 22
N 96 3 7 14 16 20
G 97 3 5 14 19 21
N 98 1 7 10 16 24
N 99 1 5 12 17 24
N 100 2 8 14 15 20
N 101 0 8 14 19 22
N 102 2 6 10 15 24
N 103 0 6 13 17 24
G 104 4 6 10 16 21
G 105 4 5 11 17 21
N 106 1 9 10 15 22
N 107 0 9 11 17 22
N 108 1 5 14 15 23
N 109 0 6 14 16 23
N 110 4 7 11 17 18 22
N 111 3 7 14 18 19 22
G 112 3 6 14 16 18 21
N 113 1 7 13 17 18 24
N 114 1 8 12 16 18 24
G 115 2 8 14 18 19 21
N 116 1 8 14 15 18 22
N 117 2 6 12 17 18 24
N 118 3 6 13 15 18 24
G 119 4 6 13 17 18 21
G 120 4 8 11 16 18 21
N 121 1 9 12 17 18 22
N 122 3 9 11 15 18 22
N 123 1 7 14 16 18 23
N 124 2 6 14 15 18 23
