0 1
0 2
0 3
0 4
0 5
0 6
0 7
0 8
0 9
0 10
1 2
1 3
1 0
1 11
1 12
2 1
2 3
2 0
2 13
2 14
2 15
3 16
3 17
3 18
3 19
3 20
4 21
4 22
4 16
4 0
4 23
4 6
4 7
4 8
4 24
4 25
5 26
5 17
5 9
5 10
5 0
6 0
6 27
6 4
6 28
6 7
6 8
6 29
6 30
6 31
6 32
7 33
7 14
7 18
7 34
7 35
7 36
7 37
7 38
7 39
8 40
8 41
8 15
8 19
8 0
8 42
8 4
8 43
8 6
8 7
8 44
8 45
8 46
8 47
8 48
8 49
9 50
9 5
9 38
9 48
9 10
9 0
10 12
10 20
10 32
10 39
10 49
11 12
11 1
12 20
12 10
13 2
13 51
13 14
13 15
13 52
14 33
14 18
14 7
14 53
14 54
15 40
15 41
15 19
15 8
15 2
15 55
15 13
15 14
15 56
15 57
16 3
16 58
16 18
16 19
16 59
17 20
17 3
18 60
18 61
18 62
18 63
19 3
19 64
19 16
19 65
19 18
19 66
19 67
19 68
19 69
20 63
20 69
21 22
21 16
21 4
21 70
21 71
22 21
22 16
22 4
22 72
22 33
22 41
23 73
23 58
23 24
23 25
23 4
24 74
24 23
24 36
24 46
24 25
24 4
25 71
25 59
25 31
25 37
25 47
26 17
26 5
27 29
27 75
27 31
27 6
27 76
28 77
28 30
28 78
28 32
28 6
29 79
29 27
29 34
29 44
29 31
29 6
30 80
30 28
30 35
30 45
30 32
30 6
31 25
31 78
31 37
31 47
31 81
32 10
32 76
32 39
32 49
32 81
33 14
33 18
33 7
33 82
33 83
34 84
34 60
34 36
34 37
34 7
35 85
35 61
35 38
35 39
35 7
36 34
36 86
36 37
36 7
36 87
37 54
37 62
37 88
37 89
38 90
38 35
38 88
38 39
38 7
39 83
39 63
39 87
39 89
40 41
40 15
40 19
40 8
40 91
40 92
40 93
40 94
40 95
40 96
41 40
41 15
41 19
41 8
41 22
41 97
41 72
41 33
41 98
41 99
42 100
42 55
42 64
42 44
42 101
42 46
42 47
42 8
42 102
42 103
43 97
43 104
43 65
43 105
43 45
43 106
43 107
43 48
43 49
43 8
44 91
44 108
44 66
44 79
44 42
44 29
44 34
44 46
44 47
44 8
45 92
45 109
45 67
45 80
45 43
45 30
45 35
45 48
45 49
45 8
46 74
46 42
46 24
46 106
46 36
46 44
46 110
46 47
46 8
46 111
47 94
47 57
47 68
47 25
47 107
47 31
47 37
47 112
47 113
48 9
48 102
48 50
48 43
48 38
48 114
48 45
48 112
48 49
48 8
49 96
49 99
49 69
49 10
49 103
49 32
49 39
49 111
49 113
50 9
50 115
50 38
50 48
50 116
51 52
51 13
52 54
52 57
53 54
53 14
54 62
54 37
55 100
55 64
55 42
55 56
55 57
55 15
56 117
56 55
56 53
56 57
56 15
57 94
57 68
57 47
57 52
57 54
58 59
58 16
59 62
59 68
60 62
60 18
61 63
61 18
62 118
63 118
64 66
64 119
64 68
64 19
64 120
65 121
65 67
65 122
65 69
65 19
66 123
66 64
66 60
66 68
66 19
67 124
67 65
67 61
67 69
67 19
68 59
68 122
68 62
68 125
69 20
69 120
69 63
69 125
70 71
70 21
71 59
71 25
72 22
72 126
72 33
72 41
72 127
73 58
73 23
74 24
74 128
74 36
74 46
74 129
75 76
75 27
76 81
76 32
77 78
77 28
78 81
78 31
79 130
79 123
79 29
79 34
79 44
80 131
80 124
80 30
80 35
80 45
81 89
81 113
82 83
82 33
83 63
83 39
84 60
84 34
85 61
85 35
86 87
86 36
87 89
87 39
88 89
88 37
89 118
90 88
90 38
91 108
91 66
91 44
91 93
91 94
91 40
92 109
92 67
92 45
92 95
92 96
92 40
93 91
93 132
93 94
93 40
93 133
94 57
94 68
94 47
94 134
94 135
95 136
95 92
95 134
95 96
95 40
96 99
96 69
96 49
96 133
96 135
97 104
97 65
97 43
97 98
97 99
97 41
98 137
98 97
98 82
98 99
98 41
99 96
99 69
99 49
99 127
99 83
100 55
100 64
100 42
100 138
100 139
101 140
101 119
101 102
101 103
101 42
102 114
102 101
102 112
102 48
102 103
102 42
103 139
103 120
103 111
103 113
103 49
104 97
104 65
104 43
104 141
104 142
105 143
105 121
105 106
105 107
105 43
106 105
106 110
106 107
106 43
106 111
106 46
107 142
107 122
107 112
107 113
107 47
108 91
108 66
108 44
108 144
108 84
109 92
109 67
109 45
109 145
109 85
110 146
110 106
110 86
110 111
110 46
111 129
111 103
111 87
111 113
111 49
112 116
112 107
112 88
112 113
112 47
113 135
113 125
113 81
113 89
114 147
114 102
114 90
114 112
114 48
115 116
115 50
116 88
116 112
117 53
117 56
119 120
119 64
120 125
120 69
121 122
121 65
122 125
122 68
123 60
123 66
124 61
124 67
125 118
126 127
126 72
127 83
127 99
128 129
128 74
129 87
129 111
130 123
130 79
131 124
131 80
132 133
132 93
133 135
133 96
134 135
134 94
135 125
135 113
136 134
136 95
137 82
137 98
138 139
138 100
139 120
139 103
140 119
140 101
141 142
141 104
142 122
142 107
143 121
143 105
144 84
144 108
145 85
145 109
146 86
146 110
147 90
147 114
